AC  SIX5_disc1
XX
ID  SIX5_disc1
XX
DE  SIX5_GM12878_encode-Myers_seq_hsa_r1:MEME_1_Intergenic
P0       A     C     G     T
1    0.008511 0.004255 0.987234     0
2    0.902127 0.012766 0.038298 0.046809
3    0.455319 0.07234 0.344681 0.12766
4    0.251064 0.085106 0.085106 0.578724
5        0 0.046809 0.012766 0.940425
6        0     0     1     0
7    0.038298 0.021277 0.029787 0.910638
8    0.944681 0.004255 0.051064     0
9        0     0     1     0
10       0     0 0.012766 0.987234
XX
CC  program: encode
CC  description: SIX5_GM12878_encode-Myers_seq_hsa_r1:MEME_1_Intergenic
CC  matrix.nb: 1
XX
//
AC  MYC_disc1
XX
ID  MYC_disc1
XX
DE  USF2_K562_encode-Snyder_seq_hsa_r1:MDscan_1_Intergenic
P0       A     C     G     T
1    0.173516 0.105023 0.721461     0
2        0     0     0     1
3        0     1     0     0
4        1     0     0     0
5        0 0.958904     0 0.041096
6    0.059361     0 0.940639     0
7        0     0     0     1
8        0     0     1     0
9        1     0     0     0
10       0 0.726028 0.114155 0.159817
XX
CC  program: encode
CC  description: USF2_K562_encode-Snyder_seq_hsa_r1:MDscan_1_Intergenic
CC  matrix.nb: 2
XX
//
AC  SRF_disc1
XX
ID  SRF_disc1
XX
DE  SRF_H1-hESC_encode-Myers_seq_hsa_r1:MDscan_2_Intergenic
P0       A     C     G     T
1        0     1     0     0
2        0     1     0     0
3    0.495495     0     0 0.504505
4    0.261261     0     0 0.738739
5        1     0     0     0
6        0     0     0     1
7    0.72973     0     0 0.27027
8    0.504505     0     0 0.495495
9        0     0     1     0
10       0     0     1     0
XX
CC  program: encode
CC  description: SRF_H1-hESC_encode-Myers_seq_hsa_r1:MDscan_2_Intergenic
CC  matrix.nb: 3
XX
//
AC  AP1_disc1
XX
ID  AP1_disc1
XX
DE  JUND_K562_encode-Snyder_seq_hsa_r1:MEME_1_Intergenic
P0       A     C     G     T
1    0.418269 0.168269 0.413462     0
2        0     0     0     1
3        0     0 0.927885 0.072115
4    0.980769     0 0.019231     0
5    0.004808 0.937499 0.019231 0.038462
6    0.081731 0.033654 0.879807 0.004808
7        0     0     0     1
8    0.072115 0.927885     0     0
9    0.995192     0     0 0.004808
10   0.004808 0.461538 0.096154 0.4375
XX
CC  program: encode
CC  description: JUND_K562_encode-Snyder_seq_hsa_r1:MEME_1_Intergenic
CC  matrix.nb: 4
XX
//
AC  SIX5_disc2
XX
ID  SIX5_disc2
XX
DE  SIX5_H1-hESC_encode-Myers_seq_hsa_r1:MDscan_1_Intergenic
P0       A     C     G     T
1        0     0     1     0
2        0     0     1     0
3        0     0     1     0
4    0.946502     0     0 0.053498
5    0.465021 0.069959 0.36214 0.102881
6    0.292181 0.090535 0.09465 0.522634
7        0 0.078189     0 0.921811
8        0     0     1     0
9        0     0     0     1
10       1     0     0     0
XX
CC  program: encode
CC  description: SIX5_H1-hESC_encode-Myers_seq_hsa_r1:MDscan_1_Intergenic
CC  matrix.nb: 5
XX
//
AC  NFY_disc1
XX
ID  NFY_disc1
XX
DE  NFYA_K562_encode-Snyder_seq_hsa_r1:MEME_2_Intergenic
P0       A     C     G     T
1    0.120482 0.477912 0.048193 0.353414
2    0.072289 0.120482 0.204819 0.60241
3    0.048193 0.638554 0.116466 0.196787
4        0 0.309237 0.032129 0.658634
5    0.008032 0.317269 0.566265 0.108434
6    0.975904     0 0.024096     0
7        0 0.008032     0 0.991968
8        0     0     0     1
9        0     0 0.995984 0.004016
10       0     0     1     0
11   0.15261 0.530121 0.040161 0.277108
12   0.032129 0.401606 0.056225 0.51004
13   0.325301 0.128514 0.433735 0.11245
14   0.26506 0.236948 0.409639 0.088353
15   0.200803 0.253012 0.200803 0.345382
XX
CC  program: encode
CC  description: NFYA_K562_encode-Snyder_seq_hsa_r1:MEME_2_Intergenic
CC  matrix.nb: 6
XX
//
AC  ATF3_disc1
XX
ID  ATF3_disc1
XX
DE  ATF3_GM12878_encode-Myers_seq_hsa_r1:MDscan_1_Intergenic
P0       A     C     G     T
1    0.140127 0.11465 0.745223     0
2        0     0     0     1
3        0 0.993631     0 0.006369
4    0.987261     0     0 0.012739
5        0 0.866242 0.050955 0.082803
6    0.070064 0.038217 0.891719     0
7        0     0     0     1
8        0     0     1     0
9        1     0     0     0
10   0.019108 0.726115 0.101911 0.152866
XX
CC  program: encode
CC  description: ATF3_GM12878_encode-Myers_seq_hsa_r1:MDscan_1_Intergenic
CC  matrix.nb: 7
XX
//
AC  NFE2_disc1
XX
ID  NFE2_disc1
XX
DE  NFE2_K562_encode-Snyder_seq_hsa_r1:AlignACE_1_Intergenic
P0       A     C     G     T
1    0.574879 0.05314 0.36715 0.004831
2    0.009662     0     0 0.990338
3        0     0 0.995169 0.004831
4    0.990338     0 0.004831 0.004831
5    0.019324 0.734299 0.193237 0.05314
6    0.05314 0.048309 0.048309 0.850242
7    0.072464 0.927536     0     0
8    0.89855 0.019324 0.077295 0.004831
9        0     0 0.975845 0.024155
10   0.004831 0.985507     0 0.009662
XX
CC  program: encode
CC  description: NFE2_K562_encode-Snyder_seq_hsa_r1:AlignACE_1_Intergenic
CC  matrix.nb: 8
XX
//
AC  NFE2_disc2
XX
ID  NFE2_disc2
XX
DE  NFE2_GM12878_encode-Snyder_seq_hsa_H-230_r1:MDscan_3_Intergenic
P0       A     C     G     T
1    0.170909  0.08 0.749091     0
2        0  0.12     0  0.88
3        0     1     0     0
4        1     0     0     0
5        0 0.912727     0 0.087273
6     0.08     0  0.92     0
7        0     0     0     1
8        0     0     1     0
9    0.825454 0.058182 0.116364     0
10       0 0.789091 0.101818 0.109091
XX
CC  program: encode
CC  description: NFE2_GM12878_encode-Snyder_seq_hsa_H-230_r1:MDscan_3_Intergenic
CC  matrix.nb: 9
XX
//
AC  BRCA1_disc1
XX
ID  BRCA1_disc1
XX
DE  BRCA1_GM12878_encode-Snyder_seq_hsa_IgG-mus-C-1863_r1:MEME_1_Intergenic
P0       A     C     G     T
1    0.037037 0.192593 0.066667 0.703703
2    0.303704 0.607407 0.066667 0.022222
3    0.044444 0.014815 0.037037 0.903704
4        0     1     0     0
5    0.037037     0 0.962963     0
6        0     1     0     0
7        0     0     1     0
8    0.866668 0.044444 0.081481 0.007407
9        0 0.007407 0.977778 0.014815
10   0.962963     0 0.037037     0
XX
CC  program: encode
CC  description: BRCA1_GM12878_encode-Snyder_seq_hsa_IgG-mus-C-1863_r1:MEME_1_Intergenic
CC  matrix.nb: 10
XX
//
AC  AP1_disc2
XX
ID  AP1_disc2
XX
DE  FOS_GM12878_encode-Snyder_seq_hsa_r1:MEME_1_Intergenic
P0       A     C     G     T
1    0.114407 0.131356 0.194915 0.559322
2    0.063559 0.635593 0.15678 0.144068
3        0 0.364407 0.012712 0.622881
4    0.021186 0.351695 0.474576 0.152542
5        1     0     0     0
6        0 0.008475     0 0.991525
7        0     0     0     1
8        0     0     1     0
9        0     0     1     0
10   0.118644 0.504237 0.038136 0.338983
XX
CC  program: encode
CC  description: FOS_GM12878_encode-Snyder_seq_hsa_r1:MEME_1_Intergenic
CC  matrix.nb: 11
XX
//
AC  CTCF_disc1
XX
ID  CTCF_disc1
XX
DE  CTCF_HUVEC_encode-Crawford_seq_hsa_r1:MEME_3_Intergenic
P0       A     C     G     T
1    0.245968 0.125 0.302419 0.326613
2    0.262097 0.185484 0.326613 0.225806
3    0.217742 0.387097 0.129032 0.266129
4    0.370968 0.112903 0.149194 0.366935
5    0.528226 0.209677 0.149194 0.112903
6    0.052419 0.237903 0.233871 0.475806
7    0.604838 0.044355 0.21371 0.137097
8    0.092742 0.322581 0.455645 0.129032
9    0.024194 0.399194 0.016129 0.560483
10   0.173387 0.012097 0.677419 0.137097
11   0.157258 0.725807 0.016129 0.100806
12   0.004032 0.991936     0 0.004032
13   0.612904 0.350806     0 0.03629
14       0 0.366935     0 0.633065
15       0 0.983871     0 0.016129
16   0.012097 0.020161 0.016129 0.951613
17   0.641129 0.032258 0.16129 0.165323
18   0.040323 0.225806 0.689516 0.044355
19   0.064516 0.040323 0.004032 0.891129
20       0     0 0.991935 0.008065
21   0.08871 0.016129 0.766129 0.129032
22   0.173387 0.383065 0.044355 0.399194
XX
CC  program: encode
CC  description: CTCF_HUVEC_encode-Crawford_seq_hsa_r1:MEME_3_Intergenic
CC  matrix.nb: 12
XX
//
AC  CEBPB_disc1
XX
ID  CEBPB_disc1
XX
DE  CEBPB_HepG2_encode-Snyder_seq_hsa_IgG-rab_r1:MDscan_2_Intergenic
P0       A     C     G     T
1    0.509434 0.135849 0.354717     0
2        0     0     0     1
3        0     0     0     1
4    0.143396     0 0.818868 0.037736
5        0 0.667925     0 0.332075
6    0.324528     0 0.675472     0
7    0.003774 0.833962     0 0.162264
8        1     0     0     0
9        1     0     0     0
10       0 0.362264 0.14717 0.490566
XX
CC  program: encode
CC  description: CEBPB_HepG2_encode-Snyder_seq_hsa_IgG-rab_r1:MDscan_2_Intergenic
CC  matrix.nb: 13
XX
//
AC  ZBTB33_disc1
XX
ID  ZBTB33_disc1
XX
DE  ZBTB33_HepG2_encode-Myers_seq_hsa_r1:MDscan_1_Intergenic
P0       A     C     G     T
1        0     0     0     1
2    0.139535 0.802325 0.05814     0
3        0     0     0     1
4        0     1     0     0
5    0.011628     0 0.988372     0
6        0 0.988372     0 0.011628
7        0     0     1     0
8        1     0     0     0
9        0 0.05814 0.802325 0.139535
10       1     0     0     0
XX
CC  program: encode
CC  description: ZBTB33_HepG2_encode-Myers_seq_hsa_r1:MDscan_1_Intergenic
CC  matrix.nb: 14
XX
//
AC  ETS_disc1
XX
ID  ETS_disc1
XX
DE  ETS1_K562_encode-Myers_seq_hsa_v041610.1_r1:Trawler_1_Intergenic
P0       A     C     G     T
1        1     0     0     0
2        1     0     0     0
3        0     1     0     0
4        0     0     0     1
5        1     0     0     0
6        0     1     0     0
7        1     0     0     0
8    0.862745 0.078431 0.058824     0
9    0.137255 0.54902 0.078431 0.235294
10       0 0.117647 0.019608 0.862745
11   0.058824 0.882353     0 0.058824
12   0.019608 0.941176 0.019608 0.019608
13   0.019608 0.921569 0.039216 0.019608
14   0.705882     0 0.254902 0.039216
XX
CC  program: encode
CC  description: ETS1_K562_encode-Myers_seq_hsa_v041610.1_r1:Trawler_1_Intergenic
CC  matrix.nb: 15
XX
//
AC  AP1_disc3
XX
ID  AP1_disc3
XX
DE  FOS_K562_encode-White_seq_hsa_eGFP_r1:MDscan_3_Intergenic
P0       A     C     G     T
1    0.542141     0 0.457859     0
2        0     0     0     1
3        0     0     1     0
4        1     0     0     0
5    0.020501 0.469248 0.498861 0.01139
6        0     0     0     1
7        0     1     0     0
8        1     0     0     0
9        0 0.505695     0 0.494305
10   0.220957 0.428246 0.154897 0.1959
XX
CC  program: encode
CC  description: FOS_K562_encode-White_seq_hsa_eGFP_r1:MDscan_3_Intergenic
CC  matrix.nb: 16
XX
//
AC  NRF1_disc1
XX
ID  NRF1_disc1
XX
DE  NRF1_HeLa-S3_encode-Snyder_seq_hsa_IgG-mus_r1:MEME_2_Intergenic
P0       A     C     G     T
1    0.092437 0.52521 0.134454 0.247899
2    0.386555 0.163866 0.159664 0.289916
3    0.02521 0.655463 0.218487 0.10084
4    0.021008 0.109244 0.012605 0.857143
5    0.042017     0 0.957983     0
6    0.012605 0.962185 0.02521     0
7        0     0     1     0
8    0.004202 0.978991 0.012605 0.004202
9    0.67227 0.243697 0.063025 0.021008
10   0.05042 0.084034 0.163866 0.70168
11       0     0 0.995798 0.004202
12       0 0.953782     0 0.046218
13       0 0.021008 0.886555 0.092437
14   0.012605 0.865547 0.021008 0.10084
15   0.369748 0.277311 0.285714 0.067227
XX
CC  program: encode
CC  description: NRF1_HeLa-S3_encode-Snyder_seq_hsa_IgG-mus_r1:MEME_2_Intergenic
CC  matrix.nb: 17
XX
//
AC  REST_disc1
XX
ID  REST_disc1
XX
DE  REST_GM12878_encode-Myers_seq_hsa_PCR2x_r1:MEME_2_Intergenic
P0       A     C     G     T
1    0.084034 0.096639 0.226891 0.592436
2    0.008403 0.092437 0.058824 0.840336
3    0.008403 0.953782     0 0.037815
4        1     0     0     0
5    0.004202     0 0.995798     0
6    0.029412 0.815126 0.12605 0.029412
7        1     0     0     0
8    0.004202 0.995798     0     0
9    0.021008 0.936976 0.008403 0.033613
10   0.542017 0.096639 0.193277 0.168067
11   0.088235 0.386555 0.134454 0.390756
12   0.029412 0.037815 0.92437 0.008403
13   0.05042 0.02521 0.911765 0.012605
14   0.789916 0.084034 0.07563 0.05042
15   0.021008 0.785715 0.168067 0.02521
XX
CC  program: encode
CC  description: REST_GM12878_encode-Myers_seq_hsa_PCR2x_r1:MEME_2_Intergenic
CC  matrix.nb: 18
XX
//
AC  YY1_disc1
XX
ID  YY1_disc1
XX
DE  YY1_NT2-D1_encode-Snyder_seq_hsa_r1:MEME_3_Intergenic
P0       A     C     G     T
1    0.057592 0.052356 0.837696 0.052356
2    0.052356 0.680628 0.162304 0.104712
3    0.157068 0.64398 0.151832 0.04712
4    0.052356 0.005236 0.895288 0.04712
5        0     1     0     0
6        0     1     0     0
7        1     0     0     0
8        0     0     0     1
9    0.04712 0.455497 0.251309 0.246073
10   0.052356 0.010471     0 0.937173
11       0 0.057592     0 0.942408
12   0.078534 0.057592 0.65445 0.209424
13   0.256545 0.141361 0.424084 0.17801
14   0.225131 0.219895 0.293194 0.26178
15   0.193717 0.209424 0.204188 0.39267
16   0.287958 0.230366 0.293194 0.188482
17   0.235602 0.298429 0.26178 0.204188
18   0.125654 0.209424 0.502618 0.162304
19   0.099476 0.136126 0.628272 0.136126
20   0.120419 0.256545 0.492147 0.13089
21   0.17801 0.502619 0.193717 0.125654
22   0.408377 0.162304 0.319372 0.109948
23   0.314136 0.219895 0.308901 0.157068
XX
CC  program: encode
CC  description: YY1_NT2-D1_encode-Snyder_seq_hsa_r1:MEME_3_Intergenic
CC  matrix.nb: 19
XX
//
AC  RAD21_disc1
XX
ID  RAD21_disc1
XX
DE  RAD21_GM12878_encode-Snyder_seq_hsa_IgG-rab_r1:MEME_3_Intergenic
P0       A     C     G     T
1    0.264 0.136 0.384 0.216
2    0.284 0.112 0.452 0.152
3    0.076 0.812 0.032  0.08
4    0.004 0.996     0     0
5    0.848 0.004 0.072 0.076
6    0.008 0.656 0.316  0.02
7    0.164  0.42 0.076  0.34
8      0.9 0.024 0.048 0.028
9    0.012 0.004  0.98 0.004
10   0.516 0.004  0.48     0
11   0.012 0.008  0.42  0.56
12   0.008     0 0.988 0.004
13   0.084 0.028 0.784 0.104
14    0.12  0.74 0.016 0.124
15   0.476 0.024 0.472 0.028
16   0.048 0.504   0.4 0.048
17   0.108 0.392 0.044 0.456
18   0.476 0.216 0.264 0.044
19   0.144  0.16 0.268 0.428
20   0.392 0.164 0.148 0.296
XX
CC  program: encode
CC  description: RAD21_GM12878_encode-Snyder_seq_hsa_IgG-rab_r1:MEME_3_Intergenic
CC  matrix.nb: 20
XX
//
AC  ETS_disc2
XX
ID  ETS_disc2
XX
DE  GABPA_H1-hESC_encode-Myers_seq_hsa_r1:MDscan_1_Intergenic
P0       A     C     G     T
1    0.081218 0.57868 0.203046 0.137056
2    0.974619     0 0.025381     0
3        0 0.964467     0 0.035533
4    0.025381     0     0 0.974619
5        0     0     0     1
6        0     1     0     0
7        0     1     0     0
8        0     0 0.944162 0.055838
9        0 0.19797 0.73604 0.06599
10       0 0.385787 0.15736 0.456853
XX
CC  program: encode
CC  description: GABPA_H1-hESC_encode-Myers_seq_hsa_r1:MDscan_1_Intergenic
CC  matrix.nb: 21
XX
//
AC  MAF_disc1
XX
ID  MAF_disc1
XX
DE  MAFK_K562_encode-Snyder_seq_hsa_IgG-rab-ab50322_r1:MDscan_1_Intergenic
P0       A     C     G     T
1        0 0.043668     0 0.956332
2        0     0     1     0
3    0.174672 0.79476     0 0.030568
4        0 0.0131     0 0.9869
5        0     0     1     0
6        1     0     0     0
7    0.061135 0.393013 0.49345 0.052402
8        0     0     0     1
9        0     1     0     0
10       1     0     0     0
XX
CC  program: encode
CC  description: MAFK_K562_encode-Snyder_seq_hsa_IgG-rab-ab50322_r1:MDscan_1_Intergenic
CC  matrix.nb: 22
XX
//
AC  SP2_disc1
XX
ID  SP2_disc1
XX
DE  SP2_K562_encode-Myers_seq_hsa_v041610.2-SC-643_r1:MEME_2_Intergenic
P0       A     C     G     T
1    0.061644 0.143836 0.267123 0.527397
2    0.109589 0.520548 0.109589 0.260274
3        0 0.650685     0 0.349315
4        0 0.527397 0.253425 0.219178
5    0.986301     0     0 0.013699
6    0.013699 0.006849 0.020548 0.958904
7        0     0     0     1
8        0     0     1     0
9        0 0.020548 0.979452     0
10   0.006849 0.59589 0.054795 0.342466
11       0 0.458904 0.041096   0.5
XX
CC  program: encode
CC  description: SP2_K562_encode-Myers_seq_hsa_v041610.2-SC-643_r1:MEME_2_Intergenic
CC  matrix.nb: 23
XX
//
AC  IRF_disc1
XX
ID  IRF_disc1
XX
DE  IRF3_HeLa-S3_encode-Snyder_seq_hsa_IgG-rab_r1:MDscan_3_Intergenic
P0       A     C     G     T
1    0.131206 0.425532 0.060284 0.382979
2    0.684397     0 0.315603     0
3    0.29078     0 0.556738 0.152482
4        0     1     0     0
5        0     1     0     0
6        1     0     0     0
7        1     0     0     0
8        0     0     0     1
9    0.223404 0.421986 0.294326 0.060284
10   0.570922     0 0.429078     0
XX
CC  program: encode
CC  description: IRF3_HeLa-S3_encode-Snyder_seq_hsa_IgG-rab_r1:MDscan_3_Intergenic
CC  matrix.nb: 24
XX
//
AC  REST_disc2
XX
ID  REST_disc2
XX
DE  REST_U87_encode-Myers_seq_hsa_PCR2x_r1:MDscan_2_Intergenic
P0       A     C     G     T
1        0     0     0     1
2     0.04 0.131429 0.828571     0
3        0     0 0.045714 0.954286
4        0     1     0     0
5        0     1     0     0
6    0.542858     0 0.388571 0.068571
7    0.137143 0.154286 0.108571   0.6
8        0     0     1     0
9        0     0     1     0
10       0     0     0     1
XX
CC  program: encode
CC  description: REST_U87_encode-Myers_seq_hsa_PCR2x_r1:MDscan_2_Intergenic
CC  matrix.nb: 25
XX
//
AC  ETS_disc3
XX
ID  ETS_disc3
XX
DE  ETS1_GM12878_encode-Myers_seq_hsa_r1:MDscan_3_Intergenic
P0       A     C     G     T
1        0 0.108333     0 0.891667
2    0.208333 0.741667  0.05     0
3        0     0     0     1
4        0     1     0     0
5        0     0 0.975 0.025
6        0     1     0     0
7        0     0     1     0
8        1     0     0     0
9        0  0.05 0.775 0.175
10       1     0     0     0
XX
CC  program: encode
CC  description: ETS1_GM12878_encode-Myers_seq_hsa_r1:MDscan_3_Intergenic
CC  matrix.nb: 26
XX
//
AC  BCL_disc1
XX
ID  BCL_disc1
XX
DE  BCLAF1_K562_encode-Myers_seq_hsa_M33-P5B11_r1:MDscan_2_Intergenic
P0       A     C     G     T
1    0.413462 0.105769 0.432692 0.048077
2    0.086538 0.721154 0.192308     0
3    0.144231 0.855769     0     0
4        0     0     1     0
5    0.028846     0 0.971154     0
6        1     0     0     0
7    0.971154     0     0 0.028846
8    0.009615 0.038462 0.932692 0.019231
9        0 0.201923     0 0.798077
10   0.086538 0.057692 0.711539 0.144231
XX
CC  program: encode
CC  description: BCLAF1_K562_encode-Myers_seq_hsa_M33-P5B11_r1:MDscan_2_Intergenic
CC  matrix.nb: 27
XX
//
AC  SP1_disc1
XX
ID  SP1_disc1
XX
DE  SP1_H1-hESC_encode-Myers_seq_hsa_r1:MEME_3_Intergenic
P0       A     C     G     T
1    0.172973 0.318919 0.178378 0.32973
2    0.194595 0.335135 0.156757 0.313514
3    0.47027 0.097297 0.416216 0.016216
4    0.302703 0.059459 0.52973 0.108108
5        0     1     0     0
6    0.005405 0.994595     0     0
7    0.994595     0 0.005405     0
8        1     0     0     0
9    0.010811     0 0.032432 0.956757
10   0.237838 0.383784 0.324324 0.054054
11   0.583784 0.032432 0.383784     0
12   0.318919 0.113514 0.529729 0.037838
13   0.535136 0.232432 0.162162 0.07027
14   0.47027 0.059459 0.345946 0.124324
15   0.189189 0.248649 0.389189 0.172973
16   0.156757 0.318919 0.362162 0.162162
17   0.194595 0.345946 0.362162 0.097297
18   0.308108 0.091892 0.459459 0.140541
19   0.183784 0.227027 0.454054 0.135135
20   0.281081 0.264865 0.302703 0.151351
21   0.275676 0.054054 0.372973 0.297297
22   0.178378 0.210811 0.281081 0.32973
XX
CC  program: encode
CC  description: SP1_H1-hESC_encode-Myers_seq_hsa_r1:MEME_3_Intergenic
CC  matrix.nb: 28
XX
//
AC  NFKB_disc1
XX
ID  NFKB_disc1
XX
DE  NFKB1_GM19193_encode-Snyder_seq_hsa_IgG-rab_r1:MDscan_1_Intergenic
P0       A     C     G     T
1        0     0 0.7375 0.2625
2        0     0     1     0
3        0     0     1     0
4    0.570833     0 0.429167     0
5    0.8375 0.158333 0.004167     0
6    0.395833     0     0 0.604167
7        0 0.004167     0 0.995833
8        0 0.383333     0 0.616667
9        0     1     0     0
10       0     1     0     0
XX
CC  program: encode
CC  description: NFKB1_GM19193_encode-Snyder_seq_hsa_IgG-rab_r1:MDscan_1_Intergenic
CC  matrix.nb: 29
XX
//
AC  RFX5_disc1
XX
ID  RFX5_disc1
XX
DE  RFX5_H1-hESC_encode-Snyder_seq_hsa_IgG-rab-N-494_r1:MDscan_1_Intergenic
P0       A     C     G     T
1    0.127389 0.414013 0.375796 0.082803
2        0     1     0     0
3    0.286624 0.605096     0 0.10828
4        0 0.254777     0 0.745223
5    0.617834     0 0.382166     0
6        0     0     1     0
7        0 0.853503     0 0.146497
8        1     0     0     0
9        1     0     0     0
10       0     1     0     0
XX
CC  program: encode
CC  description: RFX5_H1-hESC_encode-Snyder_seq_hsa_IgG-rab-N-494_r1:MDscan_1_Intergenic
CC  matrix.nb: 30
XX
//
AC  SMC3_disc1
XX
ID  SMC3_disc1
XX
DE  SMC3_GM12878_encode-Snyder_seq_hsa_IgG-mus-ab9263_r1:MEME_2_Intergenic
P0       A     C     G     T
1    0.333333 0.096386 0.473896 0.096386
2    0.116466 0.75502 0.080321 0.048193
3        0 0.995984 0.004016     0
4    0.88755 0.008032 0.068273 0.036145
5        0 0.690763 0.293173 0.016064
6    0.108434 0.698794 0.036145 0.156627
7    0.911647 0.024096 0.040161 0.024096
8    0.004016 0.008032 0.975904 0.012048
9    0.425703     0 0.570281 0.004016
10   0.032129 0.012048 0.48996 0.465863
11   0.012048 0.004016 0.975904 0.008032
12   0.064257 0.024096 0.823294 0.088353
13   0.096386 0.831325 0.012048 0.060241
14   0.465863 0.02008 0.477912 0.036145
15   0.076305 0.502008 0.369478 0.052209
XX
CC  program: encode
CC  description: SMC3_GM12878_encode-Snyder_seq_hsa_IgG-mus-ab9263_r1:MEME_2_Intergenic
CC  matrix.nb: 31
XX
//
AC  TAL1_disc1
XX
ID  TAL1_disc1
XX
DE  TAL1_K562_encode-Snyder_seq_hsa_IgG-mus-SC-12984_r1:MEME_3_Intergenic
P0       A     C     G     T
1    0.088 0.412 0.204 0.296
2    0.056 0.608 0.144 0.192
3    0.056 0.144 0.008 0.792
4     0.08 0.004 0.024 0.892
5    0.944 0.024 0.028 0.004
6        0     0     0     1
7        0 0.976 0.004  0.02
8     0.32 0.008 0.024 0.648
9    0.084 0.348 0.432 0.136
10   0.244   0.3 0.196  0.26
11   0.184  0.36  0.26 0.196
12   0.244  0.34 0.188 0.228
13     0.2 0.332 0.244 0.224
14   0.188 0.352 0.272 0.188
15   0.272 0.272 0.188 0.268
16     0.2 0.384 0.316   0.1
17    0.06 0.928     0 0.012
18   0.808 0.096 0.008 0.088
19   0.112   0.2 0.564 0.124
XX
CC  program: encode
CC  description: TAL1_K562_encode-Snyder_seq_hsa_IgG-mus-SC-12984_r1:MEME_3_Intergenic
CC  matrix.nb: 32
XX
//
AC  CHD2_disc1
XX
ID  CHD2_disc1
XX
DE  CHD2_K562_encode-Snyder_seq_hsa_IgG-rab-N-1250_r1:MDscan_3_Intergenic
P0       A     C     G     T
1        0 0.141509     0 0.858491
2    0.193396 0.740566 0.066038     0
3        0     0     0     1
4        0     1     0     0
5    0.018868     0 0.981132     0
6        0 0.981132     0 0.018868
7        0     0     1     0
8        1     0     0     0
9        0 0.066038 0.783019 0.150943
10       1     0     0     0
XX
CC  program: encode
CC  description: CHD2_K562_encode-Snyder_seq_hsa_IgG-rab-N-1250_r1:MDscan_3_Intergenic
CC  matrix.nb: 33
XX
//
AC  SPI1_disc1
XX
ID  SPI1_disc1
XX
DE  SPI1_K562_encode-Myers_seq_hsa_r1:MDscan_2_Intergenic
P0       A     C     G     T
1    0.977143     0 0.022857     0
2        0 0.862857 0.137143     0
3        0     0     0     1
4        0     0     0     1
5    0.022857 0.977143     0     0
6        0     1     0     0
7        0 0.251429 0.034286 0.714285
8        0 0.868571 0.131429     0
9    0.205714     0     0 0.794286
10       0     0     0     1
XX
CC  program: encode
CC  description: SPI1_K562_encode-Myers_seq_hsa_r1:MDscan_2_Intergenic
CC  matrix.nb: 34
XX
//
AC  RFX5_disc2
XX
ID  RFX5_disc2
XX
DE  RFX5_GM12878_encode-Snyder_seq_hsa_IgG-mus-N-494_r1:MEME_1_Intergenic
P0       A     C     G     T
1    0.081081   0.6 0.162162 0.156757
2    0.005405 0.248649 0.081081 0.664865
3    0.016216 0.291892 0.627027 0.064865
4    0.972973 0.005405 0.010811 0.010811
5        0 0.005405 0.010811 0.983784
6        0     0     0     1
7        0     0 0.967568 0.032432
8        0     0     1     0
9    0.075676 0.551351 0.027027 0.345946
10   0.037838 0.259459 0.075676 0.627027
XX
CC  program: encode
CC  description: RFX5_GM12878_encode-Snyder_seq_hsa_IgG-mus-N-494_r1:MEME_1_Intergenic
CC  matrix.nb: 35
XX
//
AC  GATA_disc1
XX
ID  GATA_disc1
XX
DE  GATA1_K562b_encode-Snyder_seq_hsa_r1:MDscan_1_Intergenic
P0       A     C     G     T
1        0 0.507937 0.248677 0.243386
2        0 0.94709 0.05291     0
3        0     0 0.026455 0.973545
4    0.121693     0     0 0.878307
5        1     0     0     0
6        0     0     0     1
7        0     1     0     0
8    0.232804     0 0.100529 0.666667
9    0.063492 0.322751 0.47619 0.137566
10   0.132275 0.359788 0.185185 0.322751
XX
CC  program: encode
CC  description: GATA1_K562b_encode-Snyder_seq_hsa_r1:MDscan_1_Intergenic
CC  matrix.nb: 36
XX
//
AC  ELF1_disc1
XX
ID  ELF1_disc1
XX
DE  ELF1_HepG2_encode-Myers_seq_hsa_v041610.1-SC-631_r1:MDscan_3_Intergenic
P0       A     C     G     T
1    0.778378     0 0.221622     0
2        0 0.902703     0 0.097297
3        0     0     0     1
4        0     0     0     1
5        0     1     0     0
6        0     1     0     0
7        0     0 0.956757 0.043243
8        0 0.205405 0.794595     0
9    0.027027 0.162162 0.540541 0.27027
10   0.194595 0.064865 0.054054 0.686486
XX
CC  program: encode
CC  description: ELF1_HepG2_encode-Myers_seq_hsa_v041610.1-SC-631_r1:MDscan_3_Intergenic
CC  matrix.nb: 37
XX
//
AC  POU2F2_disc1
XX
ID  POU2F2_disc1
XX
DE  POU2F2_GM12891_encode-Myers_seq_hsa_r1:Weeder_2_Intergenic
P0       A     C     G     T
1    0.730897 0.091362 0.07309 0.104651
2    0.028239 0.033223 0.026578 0.91196
3    0.189369 0.07309 0.04485 0.692691
4    0.04485 0.013289 0.026578 0.915282
5    0.051495 0.041528 0.840532 0.066445
6    0.046512 0.895349 0.023256 0.034884
7    0.855482 0.066445 0.026578 0.051495
8    0.099668 0.039867 0.059801 0.800664
XX
CC  program: encode
CC  description: POU2F2_GM12891_encode-Myers_seq_hsa_r1:Weeder_2_Intergenic
CC  matrix.nb: 38
XX
//
AC  BATF_disc1
XX
ID  BATF_disc1
XX
DE  BATF_GM12878_encode-Myers_seq_hsa_r1:AlignACE_1_Intergenic
P0       A     C     G     T
1    0.092715 0.119205 0.582782 0.205298
2    0.384106 0.172185 0.205298 0.238411
3    0.370861 0.02649 0.331126 0.271523
4    0.509934 0.284768 0.192053 0.013245
5        0     0     0     1
6        0     0     1     0
7        1     0     0     0
8        0 0.397351 0.602649     0
9        0     0     0     1
10       0     1     0     0
11       1     0     0     0
XX
CC  program: encode
CC  description: BATF_GM12878_encode-Myers_seq_hsa_r1:AlignACE_1_Intergenic
CC  matrix.nb: 39
XX
//
AC  SIX5_disc3
XX
ID  SIX5_disc3
XX
DE  SIX5_H1-hESC_encode-Myers_seq_hsa_r1:Trawler_2_Intergenic
P0       A     C     G     T
1        1     0     0     0
2        1     0     0     0
3        1     0     0     0
4        0     1     0     0
5        0     0     0     1
6        1     0     0     0
7        0     1     0     0
8        1     0     0     0
9        0     0     0     1
10       0     0     0     1
11   0.066667 0.066667     0 0.866667
12       0 0.866667     0 0.133333
13       0 0.933333     0 0.066667
14       0     1     0     0
15   0.866667 0.066667 0.066667     0
XX
CC  program: encode
CC  description: SIX5_H1-hESC_encode-Myers_seq_hsa_r1:Trawler_2_Intergenic
CC  matrix.nb: 40
XX
//
AC  NR2C2_disc1
XX
ID  NR2C2_disc1
XX
DE  NR2C2_HeLa-S3_encode-Snyder_seq_hsa_r1:MDscan_1_Intergenic
P0       A     C     G     T
1    0.043478 0.226087 0.191304 0.539131
2    0.13913 0.104348 0.756522     0
3    0.686957 0.269565     0 0.043478
4    0.130435 0.869565     0     0
5        0     1     0     0
6        0 0.930435     0 0.069565
7        0     0     1     0
8        0     0     1     0
9        1     0     0     0
10   0.93913     0     0 0.06087
XX
CC  program: encode
CC  description: NR2C2_HeLa-S3_encode-Snyder_seq_hsa_r1:MDscan_1_Intergenic
CC  matrix.nb: 41
XX
//
AC  HNF4_disc1
XX
ID  HNF4_disc1
XX
DE  HNF4G_HepG2_encode-Myers_seq_hsa_v041610.1-SC-6558_r1:MEME_2_Intergenic
P0       A     C     G     T
1     0.14 0.088 0.064 0.708
2    0.076     0 0.924     0
3    0.276 0.132 0.556 0.036
4    0.672 0.304     0 0.024
5    0.024 0.928 0.048     0
6    0.016 0.104 0.004 0.876
7    0.004 0.124 0.016 0.856
8     0.02 0.024 0.044 0.912
9    0.084 0.012 0.872 0.032
10   0.296 0.236 0.272 0.196
11   0.272 0.452 0.092 0.184
12   0.036 0.836     0 0.128
13     0.1 0.364  0.02 0.516
XX
CC  program: encode
CC  description: HNF4G_HepG2_encode-Myers_seq_hsa_v041610.1-SC-6558_r1:MEME_2_Intergenic
CC  matrix.nb: 42
XX
//
AC  BHLHE40_disc1
XX
ID  BHLHE40_disc1
XX
DE  BHLHE40_HepG2_encode-Myers_seq_hsa_v041610.1_r1:MDscan_2_Intergenic
P0       A     C     G     T
1        0     0 0.414286 0.585714
2        0     1     0     0
3    0.904762 0.042857 0.009524 0.042857
4        0 0.914286 0.047619 0.038095
5    0.052381 0.042857 0.904762     0
6    0.038095 0.014286 0.02381 0.923809
7        0     0     1     0
8    0.652381 0.347619     0     0
9        0 0.738096 0.233333 0.028571
10   0.166667 0.266667 0.204762 0.361905
XX
CC  program: encode
CC  description: BHLHE40_HepG2_encode-Myers_seq_hsa_v041610.1_r1:MDscan_2_Intergenic
CC  matrix.nb: 43
XX
//
AC  STAT_disc1
XX
ID  STAT_disc1
XX
DE  STAT1_HeLa-S3_encode-Snyder_seq_hsa_IFNg30_r1:MDscan_1_Intergenic
P0       A     C     G     T
1    0.145594 0.295019 0.130268 0.429119
2        0     0     0     1
3        0     0     0     1
4    0.076628 0.923372     0     0
5        0 0.931034     0 0.068966
6    0.310345 0.199234 0.164751 0.32567
7        0     0     1     0
8        0     0 0.869732 0.130268
9        1     0     0     0
10       1     0     0     0
XX
CC  program: encode
CC  description: STAT1_HeLa-S3_encode-Snyder_seq_hsa_IFNg30_r1:MDscan_1_Intergenic
CC  matrix.nb: 44
XX
//
AC  SPI1_disc2
XX
ID  SPI1_disc2
XX
DE  SPI1_GM12878_encode-Myers_seq_hsa_r1:MDscan_1_Intergenic
P0       A     C     G     T
1        0     0     0     1
2    0.031008 0.294574     0 0.674418
3        0     0     0     1
4        0     1     0     0
5        1     0     0     0
6        0 0.635659 0.364341     0
7        0     0     0     1
8        0     0     0     1
9        0     1     0     0
10       0     1     0     0
XX
CC  program: encode
CC  description: SPI1_GM12878_encode-Myers_seq_hsa_r1:MDscan_1_Intergenic
CC  matrix.nb: 45
XX
//
AC  THAP1_disc1
XX
ID  THAP1_disc1
XX
DE  THAP1_K562_encode-Myers_seq_hsa_v041610.1-SC-98174_r1:MEME_3_Intergenic
P0       A     C     G     T
1     0.05  0.53  0.27  0.15
2     0.12  0.63  0.16  0.09
3     0.09  0.02  0.86  0.03
4     0.01  0.99     0     0
5        0     1     0     0
6     0.98  0.02     0     0
7        0  0.02     0  0.98
8     0.06  0.49  0.28  0.17
9     0.01  0.03     0  0.96
10       0  0.07     0  0.93
11    0.11  0.05  0.52  0.32
12    0.28  0.06  0.56   0.1
13     0.3  0.16  0.17  0.37
14    0.13  0.04   0.1  0.73
15    0.32  0.23   0.3  0.15
16    0.41  0.38  0.07  0.14
17    0.01     0   0.7  0.29
18       0     0  0.99  0.01
19    0.02     0  0.94  0.04
20    0.04  0.89     0  0.07
21    0.68  0.02  0.24  0.06
22    0.38   0.1  0.47  0.05
23    0.42  0.25  0.27  0.06
24     0.3  0.14  0.33  0.23
25     0.2  0.22  0.49  0.09
XX
CC  program: encode
CC  description: THAP1_K562_encode-Myers_seq_hsa_v041610.1-SC-98174_r1:MEME_3_Intergenic
CC  matrix.nb: 46
XX
//
AC  MXI1_disc1
XX
ID  MXI1_disc1
XX
DE  MXI1_K562_encode-Snyder_seq_hsa_IgG-rab-bHLH_r1:MEME_3_Intergenic
P0       A     C     G     T
1    0.082474 0.597939 0.082474 0.237113
2    0.051546 0.360825 0.360825 0.226804
3    0.041237     0 0.917526 0.041237
4    0.010309 0.051546 0.030928 0.907217
5    0.061856 0.494845 0.010309 0.43299
6    0.082474 0.113402 0.618557 0.185567
7        0 0.876288 0.020619 0.103093
8        0 0.948454     0 0.051546
9    0.608247 0.237113 0.020619 0.134021
10   0.072165 0.164948 0.041237 0.72165
11   0.237113     0 0.762887     0
12   0.123711     0 0.876289     0
13   0.051546 0.886598     0 0.061856
14   0.907217     0 0.051546 0.041237
15   0.979382 0.010309 0.010309     0
16       0 0.979381     0 0.020619
XX
CC  program: encode
CC  description: MXI1_K562_encode-Snyder_seq_hsa_IgG-rab-bHLH_r1:MEME_3_Intergenic
CC  matrix.nb: 47
XX
//
AC  TCF7L2_disc1
XX
ID  TCF7L2_disc1
XX
DE  TCF7L2_HCT-116_encode-Snyder_seq_hsa_r1:MDscan_1_Intergenic
P0       A     C     G     T
1    0.360215 0.284946 0.354839     0
2        0     0     0     1
3        0     0     1     0
4        1     0     0     0
5    0.091398 0.376344 0.446237 0.086022
6        0     0     0     1
7        0     1     0     0
8        1     0     0     0
9        0 0.360215 0.274194 0.365591
10   0.215054 0.333333 0.166667 0.284946
XX
CC  program: encode
CC  description: TCF7L2_HCT-116_encode-Snyder_seq_hsa_r1:MDscan_1_Intergenic
CC  matrix.nb: 48
XX
//
AC  REST_disc3
XX
ID  REST_disc3
XX
DE  REST_PFSK-1_encode-Myers_seq_hsa_PCR2x_r1:MEME_1_Intergenic
P0       A     C     G     T
1        0     0     1     0
2    0.008     0 0.992     0
3     0.92  0.04 0.004 0.036
4    0.004 0.944 0.048 0.004
5    0.996     0 0.004     0
6        0     0     1     0
7      0.1 0.776 0.056 0.068
8    0.136  0.02 0.492 0.352
9    0.096  0.72 0.152 0.032
10    0.06 0.812 0.004 0.124
XX
CC  program: encode
CC  description: REST_PFSK-1_encode-Myers_seq_hsa_PCR2x_r1:MEME_1_Intergenic
CC  matrix.nb: 49
XX
//
AC  CTCF_disc2
XX
ID  CTCF_disc2
XX
DE  CTCF_A549_encode-Myers_seq_hsa_DEX-100nM_r1:Trawler_1_Intergenic
P0       A     C     G     T
1        1     0     0     0
2        0     1     0     0
3        0     1     0     0
4        1     0     0     0
5        0     0     1     0
6    0.15625     0 0.84375     0
7        0     0 0.59375 0.40625
8        0     0     1     0
9        0     0     1     0
10       0     1     0     0
11   0.3125     0 0.6875     0
XX
CC  program: encode
CC  description: CTCF_A549_encode-Myers_seq_hsa_DEX-100nM_r1:Trawler_1_Intergenic
CC  matrix.nb: 50
XX
//
AC  SP2_disc2
XX
ID  SP2_disc2
XX
DE  SP2_K562_encode-Myers_seq_hsa_v041610.2-SC-643_r1:MEME_3_Intergenic
P0       A     C     G     T
1    0.89916     0 0.10084     0
2    0.033613 0.05042 0.05042 0.865547
3    0.067227     0 0.016807 0.915966
4    0.05042     0 0.941177 0.008403
5    0.016807 0.016807 0.966386     0
6    0.142857 0.495798 0.109244 0.252101
7    0.016807 0.453782 0.084034 0.445378
8    0.302521 0.210084 0.294118 0.193277
9    0.260504 0.210084 0.319328 0.210084
10   0.260504 0.285714 0.176471 0.277311
11   0.285714 0.210084 0.336134 0.168067
12   0.159664 0.310924 0.193277 0.336134
13   0.201681 0.226891 0.361345 0.210084
14   0.159664 0.302521 0.386555 0.151261
15   0.226891 0.554621 0.134454 0.084034
16   0.05042 0.344538     0 0.605042
17   0.05042 0.016807 0.89916 0.033613
18       0 0.394958 0.016807 0.588235
19   0.008403 0.907563     0 0.084034
20   0.378151 0.352941 0.142857 0.12605
21   0.226891 0.285714 0.394958 0.092437
22       0 0.008403 0.02521 0.966387
23       0 0.89916 0.008403 0.092437
24   0.470588 0.142857 0.151261 0.235294
XX
CC  program: encode
CC  description: SP2_K562_encode-Myers_seq_hsa_v041610.2-SC-643_r1:MEME_3_Intergenic
CC  matrix.nb: 51
XX
//
AC  EBF1_disc1
XX
ID  EBF1_disc1
XX
DE  EBF1_GM12878_encode-Snyder_seq_hsa_r1:MDscan_1_Intergenic
P0       A     C     G     T
1        0 0.153392     0 0.846608
2        0     1     0     0
3        0 0.825959     0 0.174041
4        0     1     0     0
5    0.297935 0.356932 0.020649 0.324484
6    0.336283 0.020649 0.374631 0.268437
7        0     0     1     0
8    0.176991     0 0.823009     0
9        0     0     1     0
10   0.884956     0 0.115044     0
XX
CC  program: encode
CC  description: EBF1_GM12878_encode-Snyder_seq_hsa_r1:MDscan_1_Intergenic
CC  matrix.nb: 52
XX
//
AC  STAT_disc2
XX
ID  STAT_disc2
XX
DE  STAT3_MCF10A-Er-Src_encode-Snyder_seq_hsa_EtOH-0.01pct-4hr_r1:MDscan_2_Intergenic
P0       A     C     G     T
1    0.460967 0.185874 0.241636 0.111524
2        0     0     0     1
3        0     0     1     0
4        1     0     0     0
5    0.174721 0.271375 0.36803 0.185874
6        0     0     0     1
7        0     1     0     0
8        1     0     0     0
9    0.096654 0.267658 0.163569 0.472119
10   0.208178 0.297398 0.182156 0.312268
XX
CC  program: encode
CC  description: STAT3_MCF10A-Er-Src_encode-Snyder_seq_hsa_EtOH-0.01pct-4hr_r1:MDscan_2_Intergenic
CC  matrix.nb: 53
XX
//
AC  PRDM1_disc1
XX
ID  PRDM1_disc1
XX
DE  PRDM1_HeLa-S3_encode-Snyder_seq_hsa_IgG-rab-Val90_r1:MDscan_1_Intergenic
P0       A     C     G     T
1    0.241135 0.489362 0.106383 0.163121
2        1     0     0     0
3        0     1     0     0
4        0     0     0     1
5        0 0.078014     0 0.921986
6        0     0     0     1
7        0     1     0     0
8    0.581561 0.219858 0.007092 0.191489
9        0     1     0     0
10       0     0     0     1
XX
CC  program: encode
CC  description: PRDM1_HeLa-S3_encode-Snyder_seq_hsa_IgG-rab-Val90_r1:MDscan_1_Intergenic
CC  matrix.nb: 54
XX
//
AC  ZNF143_disc1
XX
ID  ZNF143_disc1
XX
DE  ZNF143_GM12878_encode-Snyder_seq_hsa_16618-1-AP_r1:MDscan_2_Intergenic
P0       A     C     G     T
1        0     0     1     0
2        0     0     1     0
3        0     0     1     0
4    0.975     0     0 0.025
5    0.4125 0.120833 0.383333 0.083333
6    0.225 0.0875 0.066667 0.620833
7        0 0.083333     0 0.916667
8        0     0     1     0
9        0     0     0     1
10       1     0     0     0
XX
CC  program: encode
CC  description: ZNF143_GM12878_encode-Snyder_seq_hsa_16618-1-AP_r1:MDscan_2_Intergenic
CC  matrix.nb: 55
XX
//
AC  SMARC_disc1
XX
ID  SMARC_disc1
XX
DE  SMARCB1_HeLa-S3_encode-Snyder_seq_hsa_IgG-mus_r1:MEME_1_Intergenic
P0       A     C     G     T
1    0.132231 0.578513 0.256198 0.033058
2        0     0     0     1
3        0 0.008264 0.966943 0.024793
4        1     0     0     0
5    0.07438 0.330579 0.595041     0
6        0     0     0     1
7    0.008264 0.991736     0     0
8    0.950414 0.041322     0 0.008264
9        0 0.636364 0.024793 0.338843
10   0.082645 0.652893 0.115702 0.14876
XX
CC  program: encode
CC  description: SMARCB1_HeLa-S3_encode-Snyder_seq_hsa_IgG-mus_r1:MEME_1_Intergenic
CC  matrix.nb: 56
XX
//
AC  CTCF_disc3
XX
ID  CTCF_disc3
XX
DE  CTCF_K562_encode-Crawford_seq_hsa_r1:Trawler_3_Intergenic
P0       A     C     G     T
1        1     0     0     0
2        0     1     0     0
3        0     0     0     1
4        1     0     0     0
5        0     0     1     0
6        1     0     0     0
7        0     0 0.666667 0.333333
8        0 0.037037 0.925926 0.037037
9    0.259259 0.074074 0.62963 0.037037
XX
CC  program: encode
CC  description: CTCF_K562_encode-Crawford_seq_hsa_r1:Trawler_3_Intergenic
CC  matrix.nb: 57
XX
//
AC  POU5F1_disc1
XX
ID  POU5F1_disc1
XX
DE  POU5F1_H1-hESC_encode-Myers_seq_hsa_v041610.2-SC-9081_r1:MEME_2_Intergenic
P0       A     C     G     T
1    0.540773 0.133047 0.11588 0.2103
2    0.090129 0.107296 0.077253 0.725322
3    0.16309 0.270386 0.060086 0.506438
4    0.150215 0.034335 0.025751 0.789699
5    0.145923 0.120172 0.729613 0.004292
6    0.128755 0.871245     0     0
7    0.978541     0 0.004292 0.017167
8    0.042918     0     0 0.957082
9    0.484979 0.107296 0.274678 0.133047
10   0.751074 0.017167 0.021459 0.2103
11   0.025751 0.622318 0.248927 0.103004
12   0.909871 0.064378     0 0.025751
13   0.939914 0.04721     0 0.012876
14   0.450644 0.021459 0.004292 0.523605
15   0.227468 0.04721 0.618026 0.107296
XX
CC  program: encode
CC  description: POU5F1_H1-hESC_encode-Myers_seq_hsa_v041610.2-SC-9081_r1:MEME_2_Intergenic
CC  matrix.nb: 58
XX
//
AC  EP300_disc1
XX
ID  EP300_disc1
XX
DE  EP300_HeLa-S3_encode-Snyder_seq_hsa_IgG-rab-N-15_r1:MDscan_3_Intergenic
P0       A     C     G     T
1    0.44958 0.239496 0.310924     0
2        0     0     0     1
3        0     0     1     0
4        1     0     0     0
5    0.130252 0.44958 0.281513 0.138655
6        0     0 0.033613 0.966387
7        0     1     0     0
8        1     0     0     0
9    0.10084 0.281513 0.252101 0.365546
10   0.264706 0.264706 0.189076 0.281513
XX
CC  program: encode
CC  description: EP300_HeLa-S3_encode-Snyder_seq_hsa_IgG-rab-N-15_r1:MDscan_3_Intergenic
CC  matrix.nb: 59
XX
//
AC  FOXA_disc1
XX
ID  FOXA_disc1
XX
