AC  M0101_0.90.txt_1
XX
ID  retn
XX
DE  ydatyaaaw
P0       A     C     G     T
1    19.6725 27.0916 20.4754 32.7605
2    40.3679 8.15014 25.9984 25.4836
3    99.9299 0.00950887 0.0187693 0.0417719
4    0.0504388 0.124059 0.0417108 99.7838
5    16.5827 37.6511 3.31468 42.4515
6    73.2498 5.33279 11.9876 9.4298
7    66.103 9.31116 11.3727 13.2132
8    51.0165 9.89618 17.4991 21.5882
9    33.5782 22.7343 14.496 29.1915
XX
CC  program: transfac
CC  matrix.nb: 1
CC  accession: M0101_0.90.txt_1
CC  AC: M0101_0.90.txt_1
CC  id: M0101_0.90.txt_1
CC  name: retn
CC  version: 
CC  name: retn
CC  description: ydatyaaaw
CC  transfac_consensus: 
CC  matrix.nb: 1
XX
//
AC  M0104_0.90.txt_1
XX
ID  retn
XX
DE  wtttdatwa
P0       A     C     G     T
1    28.0526 18.4318 22.5127 31.0029
2    22.6709 17.6561 10.709 48.9639
3    13.9203 12.2233 10.2098 63.6466
4    11.5272 10.2237 5.6673 72.5817
5    37.7683 4.91097 31.2329 26.0879
6    96.7814 1.01253 1.06445 1.14163
7    0.0385606 0.0207435 0.0100969 99.9306
8    29.4769 22.2782 11.5145 36.7305
9    29.6025 22.5979 22.825 24.9746
XX
CC  program: transfac
CC  matrix.nb: 2
CC  accession: M0104_0.90.txt_1
CC  AC: M0104_0.90.txt_1
CC  id: M0104_0.90.txt_1
CC  name: retn
CC  version: 
CC  name: retn
CC  description: wtttdatwa
CC  transfac_consensus: 
CC  matrix.nb: 2
XX
//
AC  M0105_0.90.txt_1
XX
ID  retn
XX
DE  awattaatwaa
P0       A     C     G     T
1    46.7943 17.7352 17.7352 17.7352
2    27.3411 8.00673 8.00673 56.6454
3    60.9177 11.9174 3.37487 23.7901
4    10.4443 0.0140595 0.0140595 89.5276
5    0.0140595 0.0140595 0.0140595 99.9578
6    99.9578 0.0140595 0.0140595 0.0140595
7    91.0941 0.0140595 0.0140595 8.87778
8    8.87778 0.0140595 0.0140595 91.0941
9    26.1793 16.7866 7.27882 49.7552
10   48.978 17.0073 17.0073 17.0073
11   35.0824 21.6392 21.6392 21.6392
XX
CC  program: transfac
CC  matrix.nb: 3
CC  accession: M0105_0.90.txt_1
CC  AC: M0105_0.90.txt_1
CC  id: M0105_0.90.txt_1
CC  name: retn
CC  version: 
CC  name: retn
CC  description: awattaatwaa
CC  transfac_consensus: 
CC  matrix.nb: 3
XX
//
AC  M0106_0.90.txt_1
XX
ID  retn
XX
DE  ywatyaaaw
P0       A     C     G     T
1    24.6578 26.7115 23.2219 25.4088
2    37.8326 8.9636 24.6105 28.5933
3    93.2211 2.00366 2.44727 2.32792
4    10.9459 5.71426 9.42122 73.9186
5    19.8441 33.3784 11.3351 35.4424
6    70.8755 5.64588 13.8866 9.59196
7    60.7308 10.0387 14.1039 15.1265
8    51.9306 10.8039 18.7259 18.5396
9    34.7377 20.2433 18.501 26.518
XX
CC  program: transfac
CC  matrix.nb: 4
CC  accession: M0106_0.90.txt_1
CC  AC: M0106_0.90.txt_1
CC  id: M0106_0.90.txt_1
CC  name: retn
CC  version: 
CC  name: retn
CC  description: ywatyaaaw
CC  transfac_consensus: 
CC  matrix.nb: 4
XX
//
AC  M0107_0.90.txt_1
XX
ID  retn
XX
DE  wtttratww
P0       A     C     G     T
1    28.7207 13.703 21.0651 36.5112
2    21.9872 14.5918 7.69416 55.7268
3    11.8816 7.65217 7.13484 73.3314
4    7.06817 8.21204 6.02309 78.6967
5    40.8983 3.93964 30.6027 24.5593
6    96.4659 1.23268 1.32206 0.979404
7    0.082565 1.74339 0.0894416 98.0846
8    32.2598 23.8987 9.24259 34.5989
9    30.0945 22.9735 19.9722 26.9597
XX
CC  program: transfac
CC  matrix.nb: 5
CC  accession: M0107_0.90.txt_1
CC  AC: M0107_0.90.txt_1
CC  id: M0107_0.90.txt_1
CC  name: retn
CC  version: 
CC  name: retn
CC  description: wtttratww
CC  transfac_consensus: 
CC  matrix.nb: 5
XX
//
AC  M0110_0.90.txt_1
XX
ID  retn
XX
DE  wtttratwm
P0       A     C     G     T
1    25.2147 20.8515 23.7463 30.1875
2    22.4942 23.8851 14.6327 38.9881
3    17.209 17.7331 16.3697 48.6881
4    16.0789 16.2405 10.9957 56.6849
5    33.1941 11.0494 31.8925 23.864
6    77.9062 7.35592 10.9737 3.76409
7    3.22647 10.6057 2.11994 84.0479
8    28.3413 23.6726 15.7103 32.2758
9    26.004 25.7453 24.0047 24.246
XX
CC  program: transfac
CC  matrix.nb: 6
CC  accession: M0110_0.90.txt_1
CC  AC: M0110_0.90.txt_1
CC  id: M0110_0.90.txt_1
CC  name: retn
CC  version: 
CC  name: retn
CC  description: wtttratwm
CC  transfac_consensus: 
CC  matrix.nb: 6
XX
//
AC  M0112_0.90.txt_1
XX
ID  retn
XX
DE  tttratwr
P0       A     C     G     T
1    22.8748 22.1987 14.8803 40.0462
2    18.2465 17.0129 14.6431 50.0975
3    13.8322 18.8592 7.14919 60.1595
4    33.6065 6.0178 42.2972 18.0785
5    97.3889 0.0879235 2.20056 0.322618
6    4.51944 0.0360946 0.0149714 95.4295
7    27.8506 24.4555 11.2105 36.4833
8    30.042 20.3401 26.9126 22.7052
XX
CC  program: transfac
CC  matrix.nb: 7
CC  accession: M0112_0.90.txt_1
CC  AC: M0112_0.90.txt_1
CC  id: M0112_0.90.txt_1
CC  name: retn
CC  version: 
CC  name: retn
CC  description: tttratwr
CC  transfac_consensus: 
CC  matrix.nb: 7
XX
//
AC  M0115_0.90.txt_1
XX
ID  retn
XX
DE  yratyaaa
P0       A     C     G     T
1    24.5252 27.1045 21.5355 26.8348
2    30.832 19.6593 25.4968 24.012
3    94.1882 0.0248548 0.0593262 5.72759
4    5.17629 3.50464 0.0248248 91.2942
5    19.1668 30.9749 8.87446 40.9838
6    56.2171 10.0666 16.2683 17.4479
7    50.2612 15.9145 17.5883 16.236
8    41.6728 14.8775 23.567 19.8827
XX
CC  program: transfac
CC  matrix.nb: 8
CC  accession: M0115_0.90.txt_1
CC  AC: M0115_0.90.txt_1
CC  id: M0115_0.90.txt_1
CC  name: retn
CC  version: 
CC  name: retn
CC  description: yratyaaa
CC  transfac_consensus: 
CC  matrix.nb: 8
XX
//
AC  M0122_0.90.txt_1
XX
ID  Xrp1
XX
DE  rcawwwwar
P0       A     C     G     T
1    37.4501 13.7771 37.8264 10.9464
2    22.6206 27.6289 24.9996 24.7509
3    60.6765 5.67208 23.0014 10.65
4    42.8552 11.1098 20.042 25.993
5    47.592 4.67704 20.546 27.185
6    40.0042 9.96406 15.9424 34.0893
7    33.7415 20.2616 11.5736 34.4232
8    54.6503 7.24966 22.4425 15.6576
9    46.2607 4.07264 31.9538 17.7129
XX
CC  program: transfac
CC  matrix.nb: 9
CC  accession: M0122_0.90.txt_1
CC  AC: M0122_0.90.txt_1
CC  id: M0122_0.90.txt_1
CC  name: Xrp1
CC  version: 
CC  name: Xrp1
CC  description: rcawwwwar
CC  transfac_consensus: 
CC  matrix.nb: 9
XX
//
AC  M0124_0.90.txt_1
XX
ID  Xrp1
XX
DE  garkmmwwww
P0       A     C     G     T
1    16.758 10.5791 59.0791 13.5838
2    56.6353 16.7205 11.6655 14.9788
3    27.8495 14.2508 40.3187 17.5809
4    19.8637 13.7205 39.6026 26.8132
5    27.7415 41.3854 8.61004 22.2631
6    36.1836 29.6246 14.1343 20.0575
7    47.7449 4.12008 21.6688 26.4663
8    56.0915 1.53263 7.66745 34.7085
9    65.1345 0.215769 3.8824 30.7673
10   71.2595 2.93389 0.366531 25.4401
XX
CC  program: transfac
CC  matrix.nb: 10
CC  accession: M0124_0.90.txt_1
CC  AC: M0124_0.90.txt_1
CC  id: M0124_0.90.txt_1
CC  name: Xrp1
CC  version: 
CC  name: Xrp1
CC  description: garkmmwwww
CC  transfac_consensus: 
CC  matrix.nb: 10
XX
//
AC  M0125_0.90.txt_1
XX
ID  Xrp1
XX
DE  mkrawarh
P0       A     C     G     T
1    37.7279 27.1235 19.4997 15.6489
2    24.75 20.2636 27.0808 27.9056
3    34.3177 17.7371 25.1702 22.7749
4    34.0293 17.7648 24.4645 23.7414
5    34.6936 15.4337 21.4679 28.4048
6    57.6007 3.33187 17.8773 21.1901
7    73.2846 0.000129006 26.6916 0.0236203
8    25.3553 25.8675 6.12874 42.6484
XX
CC  program: transfac
CC  matrix.nb: 11
CC  accession: M0125_0.90.txt_1
CC  AC: M0125_0.90.txt_1
CC  id: M0125_0.90.txt_1
CC  name: Xrp1
CC  version: 
CC  name: Xrp1
CC  description: mkrawarh
CC  transfac_consensus: 
CC  matrix.nb: 11
XX
//
AC  M0126_0.90.txt_1
XX
ID  Xrp1
XX
DE  aaarwaww
P0       A     C     G     T
1    42.1032 21.3302 21.9798 14.5869
2    36.1549 21.0692 21.281 21.4949
3    39.9952 12.9198 23.3071 23.7779
4    40.7012 8.13567 26.4765 24.6866
5    28.7986 14.301 13.0701 43.8304
6    78.0909 0.0177366 13.9834 7.90798
7    56.2556 0.0620326 17.6353 26.0471
8    41.7051 9.30567 11.2529 37.7363
XX
CC  program: transfac
CC  matrix.nb: 12
CC  accession: M0126_0.90.txt_1
CC  AC: M0126_0.90.txt_1
CC  id: M0126_0.90.txt_1
CC  name: Xrp1
CC  version: 
CC  name: Xrp1
CC  description: aaarwaww
CC  transfac_consensus: 
CC  matrix.nb: 12
XX
//
AC  M0127_0.90.txt_1
XX
ID  Xrp1
XX
DE  wwawawat
P0       A     C     G     T
1    72.3485 0.0344353 0.0344353 27.5826
2    72.1698 0.0277469 0.0277469 27.7747
3    75.621 0.0269978 0.0269978 24.3251
4    64.8218 0.0269978 0.0269978 35.1242
5    86.4201 0.0269978 0.0269978 13.5259
6    32.4244 0.0269978 0.0269978 67.5216
7    89.1199 0.0269978 0.0269978 10.8261
8    6.27341 0.031211 0.031211 93.6642
XX
CC  program: transfac
CC  matrix.nb: 13
CC  accession: M0127_0.90.txt_1
CC  AC: M0127_0.90.txt_1
CC  id: M0127_0.90.txt_1
CC  name: Xrp1
CC  version: 
CC  name: Xrp1
CC  description: wwawawat
CC  transfac_consensus: 
CC  matrix.nb: 13
XX
//
AC  M0128_0.90.txt_1
XX
ID  Xrp1
XX
DE  aaaawaaa
P0       A     C     G     T
1    99.0132 0.328947 0.328947 0.328947
2    99.2574 0.247525 0.247525 0.247525
3    99.2574 0.247525 0.247525 0.247525
4    99.2574 0.247525 0.247525 0.247525
5       25 0.247525 0.247525 74.505
6    99.2574 0.247525 0.247525 0.247525
7    99.2574 0.247525 0.247525 0.247525
8    99.0132 0.328947 0.328947 0.328947
XX
CC  program: transfac
CC  matrix.nb: 14
CC  accession: M0128_0.90.txt_1
CC  AC: M0128_0.90.txt_1
CC  id: M0128_0.90.txt_1
CC  name: Xrp1
CC  version: 
CC  name: Xrp1
CC  description: aaaawaaa
CC  transfac_consensus: 
CC  matrix.nb: 14
XX
//
AC  M0129_0.90.txt_1
XX
ID  Xrp1
XX
DE  wwwhwwdwww
P0       A     C     G     T
1    31.4753 17.358 11.9888 39.1779
2    39.8793 10.259 14.6381 35.2236
3    37.7309 14.6069 18.1421 29.5201
4    26.9905 27.2333 6.21234 39.5639
5    32.3521 17.1271 19.3764 31.1444
6    31.1444 19.3764 17.1271 32.3521
7    39.5639 6.21234 27.2333 26.9905
8    29.5201 18.1421 14.6069 37.7309
9    35.2236 14.6381 10.259 39.8793
10   39.1779 11.9888 17.358 31.4753
XX
CC  program: transfac
CC  matrix.nb: 15
CC  accession: M0129_0.90.txt_1
CC  AC: M0129_0.90.txt_1
CC  id: M0129_0.90.txt_1
CC  name: Xrp1
CC  version: 
CC  name: Xrp1
CC  description: wwwhwwdwww
CC  transfac_consensus: 
CC  matrix.nb: 15
XX
//
AC  M0130_0.90.txt_1
XX
ID  Xrp1
XX
DE  raardwrw
P0       A     C     G     T
1    27.2331 23.2065 25.6472 23.9132
2    29.0589 22.8585 24.7623 23.3203
3    32.8743 20.5465 23.8717 22.7074
4    32.1069 19.0882 25.2562 23.5487
5    31.252 15.9919 25.587 27.1692
6    44.8771 14.0683 9.43029 31.6243
7    71.6851 0.0111344 28.2836 0.0200863
8    33.7735 15.9535 9.02208 41.251
XX
CC  program: transfac
CC  matrix.nb: 16
CC  accession: M0130_0.90.txt_1
CC  AC: M0130_0.90.txt_1
CC  id: M0130_0.90.txt_1
CC  name: Xrp1
CC  version: 
CC  name: Xrp1
CC  description: raardwrw
CC  transfac_consensus: 
CC  matrix.nb: 16
XX
//
AC  M0131_0.90.txt_1
XX
ID  Xrp1
XX
DE  yrhwwwwdyr
P0       A     C     G     T
1    21.5163 32.3274 19.4792 26.6771
2    28.9484 10.0082 39.3882 21.6552
3    28.6614 28.8427 17.0297 25.4662
4    40.4746 15.9463 16.726 26.8531
5    42.052 15.1365 15.7426 27.0689
6    27.0689 15.7426 15.1365 42.052
7    26.8531 16.726 15.9463 40.4746
8    25.4662 17.0297 28.8427 28.6614
9    21.6552 39.3882 10.0082 28.9484
10   26.6771 19.4792 32.3274 21.5163
XX
CC  program: transfac
CC  matrix.nb: 17
CC  accession: M0131_0.90.txt_1
CC  AC: M0131_0.90.txt_1
CC  id: M0131_0.90.txt_1
CC  name: Xrp1
CC  version: 
CC  name: Xrp1
CC  description: yrhwwwwdyr
CC  transfac_consensus: 
CC  matrix.nb: 17
XX
//
AC  M0132_0.90.txt_1
XX
ID  Xrp1
XX
DE  aaawaaat
P0       A     C     G     T
1       75 8.33333 8.33333 8.33333
2       80 6.66667 6.66667 6.66667
3    73.3333 6.66667 6.66667 13.3333
4    26.6667 6.66667 6.66667    60
5    73.3333 6.66667 6.66667 13.3333
6    66.6667 6.66667 6.66667    20
7    69.2308 7.69231 7.69231 15.3846
8    16.6667 8.33333 8.33333 66.6667
XX
CC  program: transfac
CC  matrix.nb: 18
CC  accession: M0132_0.90.txt_1
CC  AC: M0132_0.90.txt_1
CC  id: M0132_0.90.txt_1
CC  name: Xrp1
CC  version: 
CC  name: Xrp1
CC  description: aaawaaat
CC  transfac_consensus: 
CC  matrix.nb: 18
XX
//
AC  M0134_0.90.txt_1
XX
ID  Xrp1
XX
DE  araatatwaatt
P0       A     C     G     T
1    31.9241 22.692 22.692 22.692
2    29.5675 20.3353 29.7619 20.3353
3    44.7891 15.3263 15.3263 24.5584
4    75.9501 8.01664 8.01664 8.01664
5    23.4882 0.0164217 0.0164217 76.479
6    81.9787 0.0164217 0.0164217 17.9884
7    9.61328 0.0164217 9.945 80.4253
8    40.7905 0.0164217 0.0164217 59.1766
9    83.6001 11.751 2.32446 2.32446
10   85.9567 4.6811 4.6811 4.6811
11   9.69017 9.69017 9.69017 70.9295
12   16.9998 16.9998 16.9998 49.0007
XX
CC  program: transfac
CC  matrix.nb: 19
CC  accession: M0134_0.90.txt_1
CC  AC: M0134_0.90.txt_1
CC  id: M0134_0.90.txt_1
CC  name: Xrp1
CC  version: 
CC  name: Xrp1
CC  description: araatatwaatt
CC  transfac_consensus: 
CC  matrix.nb: 19
XX
//
AC  M0136_0.90.txt_1
XX
ID  Xrp1
XX
DE  wwawwwaww
P0       A     C     G     T
1    35.3239 18.4407 20.585 25.6504
2    29.1909 20.986 17.8831 31.9399
3    47.9754 15.3435 20.7115 15.9696
4    35.3839 15.7408 19.6143 29.261
5    43.2302 7.07479 19.2313 30.4638
6    38.9749 10.0033 6.1899 44.8318
7    86.2322 0.0496401 8.47435 5.24379
8    51.9591 3.38873 8.76228 35.8899
9    36.5816 9.29563 8.08123 46.0416
XX
CC  program: transfac
CC  matrix.nb: 20
CC  accession: M0136_0.90.txt_1
CC  AC: M0136_0.90.txt_1
CC  id: M0136_0.90.txt_1
CC  name: Xrp1
CC  version: 
CC  name: Xrp1
CC  description: wwawwwaww
CC  transfac_consensus: 
CC  matrix.nb: 20
XX
//
AC  M0145_0.90.txt_1
XX
ID  Xrp1
XX
DE  mdrawart
P0       A     C     G     T
1    31.8198 26.3137 21.979 19.8875
2    25.6386 20.168 26.4194 27.774
3    32.2138 19.5387 25.0882 23.1593
4    33.0083 19.0441 23.4943 24.4532
5    35.3662 15.5764 21.2373 27.8201
6    54.031 7.23955 15.6357 23.0937
7    70.8523 0.00976059 29.0959 0.0420287
8    21.6909 22.8031 10.0432 45.4628
XX
CC  program: transfac
CC  matrix.nb: 21
CC  accession: M0145_0.90.txt_1
CC  AC: M0145_0.90.txt_1
CC  id: M0145_0.90.txt_1
CC  name: Xrp1
CC  version: 
CC  name: Xrp1
CC  description: mdrawart
CC  transfac_consensus: 
CC  matrix.nb: 21
XX
//
AC  M0146_0.90.txt_1
XX
ID  Xrp1
XX
DE  aaawtaat
P0       A     C     G     T
1    83.9058 0.0399361 12.0208 4.03355
2    88.161 0.0293772 0.0293772 11.7803
3    83.2686 0.0277469 0.0277469 16.6759
4    69.3951 0.0277469 0.0277469 30.5494
5    16.6759 0.0277469 0.0277469 83.2686
6    83.2686 0.0277469 0.0277469 16.6759
7    76.4101 2.9671 0.0293772 20.5934
8    18.5281 3.73521 0.0369822 77.6997
XX
CC  program: transfac
CC  matrix.nb: 22
CC  accession: M0146_0.90.txt_1
CC  AC: M0146_0.90.txt_1
CC  id: M0146_0.90.txt_1
CC  name: Xrp1
CC  version: 
CC  name: Xrp1
CC  description: aaawtaat
CC  transfac_consensus: 
CC  matrix.nb: 22
XX
//
AC  M0168_0.90.txt_1
XX
ID  nau
XX
DE  gacagctg
P0       A     C     G     T
1        0     0   100     0
2      100     0     0     0
3        0   100     0     0
4      100     0     0     0
5        0     0   100     0
6        0   100     0     0
7        0     0     0   100
8        0     0   100     0
XX
CC  program: transfac
CC  matrix.nb: 23
CC  accession: M0168_0.90.txt_1
CC  AC: M0168_0.90.txt_1
CC  id: M0168_0.90.txt_1
CC  name: nau
CC  version: 
CC  name: nau
CC  description: gacagctg
CC  transfac_consensus: 
CC  matrix.nb: 23
XX
//
AC  M0172_0.90.txt_1
XX
ID  FBgn0263112
XX
DE  ccwcgtgayy
P0       A     C     G     T
1    19.6384 34.726 22.5896 23.0459
2    6.47501 86.3104 3.62535 3.58927
3    38.756 11.5569 24.2226 25.4645
4    1.44081 79.4559 3.99563 15.1077
5    21.7483 6.8178 70.7771 0.656742
6    5.1181 1.23712 4.27499 89.3698
7    0.0371359 0.176723 99.1693 0.616824
8    75.2255 8.33522 9.12018 7.31912
9    5.84131 48.1806 6.92374 39.0544
10   21.8559 31.6415 18.439 28.0635
XX
CC  program: transfac
CC  matrix.nb: 24
CC  accession: M0172_0.90.txt_1
CC  AC: M0172_0.90.txt_1
CC  id: M0172_0.90.txt_1
CC  name: FBgn0263112
CC  version: 
CC  name: FBgn0263112
CC  description: ccwcgtgayy
CC  transfac_consensus: 
CC  matrix.nb: 24
XX
//
AC  M0174_0.90.txt_1
XX
ID  crp
XX
DE  mcakmtgdt
P0       A     C     G     T
1    27.3464 42.4609 18.1484 12.0442
2    9.7576 82.9341 3.92767 3.38058
3    66.2486 5.60363 19.9537 8.1941
4    4.32903 20.8081 46.7748 28.088
5    29.9713 47.0043 21.5471 1.47733
6    0.43967 7.23021 1.5656 90.7645
7    0.0715475 0.017122 99.7439 0.167396
8    37.8736 8.20099 27.5019 26.4235
9    11.8253 22.8795 17.8185 47.4767
XX
CC  program: transfac
CC  matrix.nb: 25
CC  accession: M0174_0.90.txt_1
CC  AC: M0174_0.90.txt_1
CC  id: M0174_0.90.txt_1
CC  name: crp
CC  version: 
CC  name: crp
CC  description: mcakmtgdt
CC  transfac_consensus: 
CC  matrix.nb: 25
XX
//
AC  M0175_0.90.txt_1
XX
ID  twi
XX
DE  macatatgky
P0       A     C     G     T
1    36.5483 27.2271 18.1123 18.1123
2    74.4728 15.4736 5.02683 5.02683
3    0.0139305 99.9582 0.0139305 0.0139305
4    99.9582 0.0139305 0.0139305 0.0139305
5    0.0139305 21.0614 0.0139305 78.9108
6    78.2721 0.0139305 21.7001 0.0139305
7    0.0139305 0.0139305 0.0139305 99.9582
8    0.0139305 0.0139305 99.9582 0.0139305
9    6.90164 6.90164 57.9511 28.2456
10   19.9871 29.843 19.9871 30.1828
XX
CC  program: transfac
CC  matrix.nb: 26
CC  accession: M0175_0.90.txt_1
CC  AC: M0175_0.90.txt_1
CC  id: M0175_0.90.txt_1
CC  name: twi
CC  version: 
CC  name: twi
CC  description: macatatgky
CC  transfac_consensus: 
CC  matrix.nb: 26
XX
//
AC  M0176_0.90.txt_1
XX
ID  l(1)sc
XX
DE  rrcagctgyy
P0       A     C     G     T
1    31.5548 18.1281 30.4969 19.8202
2    34.2567 21.565 32.9096 11.2687
3    3.62955 95.6859 2.51998e-09 0.684525
4    88.7445 2.60361 5.20401 3.44795
5    2.23128 23.3167 58.2932 16.1589
6    16.1589 58.2932 23.3167 2.23128
7    3.44795 5.20401 2.60361 88.7445
8    0.684525 2.51998e-09 95.6859 3.62955
9    11.2687 32.9096 21.565 34.2567
10   19.8202 30.4969 18.1281 31.5548
XX
CC  program: transfac
CC  matrix.nb: 27
CC  accession: M0176_0.90.txt_1
CC  AC: M0176_0.90.txt_1
CC  id: M0176_0.90.txt_1
CC  name: l(1)sc
CC  version: 
CC  name: l(1)sc
CC  description: rrcagctgyy
CC  transfac_consensus: 
CC  matrix.nb: 27
XX
//
AC  M0177_0.90.txt_1
XX
ID  tgo_cyc
XX
DE  awkcacgtgayt
P0       A     C     G     T
1    30.8919 23.036 23.036 23.036
2    34.1568 17.1125 17.1125 31.6182
3    6.8338 6.8338 59.8151 26.5173
4    1.90509 86.4288 1.90509 9.76098
5    99.9459 0.018045 0.018045 0.018045
6    14.7433 85.2206 0.018045 0.018045
7    7.19511 0.018045 77.3647 15.4221
8    0.018045 0.018045 0.018045 99.9459
9    9.15908 1.98202 79.3287 9.53021
10   63.294 20.8948 7.90558 7.90558
11   18.1842 29.4572 18.1842 34.1743
12   23.113 23.113 23.113 30.6611
XX
CC  program: transfac
CC  matrix.nb: 28
CC  accession: M0177_0.90.txt_1
CC  AC: M0177_0.90.txt_1
CC  id: M0177_0.90.txt_1
CC  name: tgo_cyc
CC  version: 
CC  name: tgo_cyc
CC  description: awkcacgtgayt
CC  transfac_consensus: 
CC  matrix.nb: 28
XX
//
AC  M0178_0.90.txt_1
XX
ID  tgo_cyc
XX
DE  atkcayrtgm
P0       A     C     G     T
1    44.1686 23.5875 16.122 16.122
2    19.1879 18.7982 22.5189 39.495
3    0.0211099 0.0211099 26.5877 73.3701
4    14.1244 70.8098 0.0211099 15.0448
5    92.9873 0.0211099 6.97052 0.0211099
6    0.0211099 49.6749 0.0211099 50.2828
7    36.2577 0.0211099 56.6244 7.09686
8    0.0211099 0.0211099 7.09686 92.8609
9    15.7008 8.89914 66.5009 8.89914
10   33.0549 40.3477 13.2987 13.2987
XX
CC  program: transfac
CC  matrix.nb: 29
CC  accession: M0178_0.90.txt_1
CC  AC: M0178_0.90.txt_1
CC  id: M0178_0.90.txt_1
CC  name: tgo_cyc
CC  version: 
CC  name: tgo_cyc
CC  description: atkcayrtgm
CC  transfac_consensus: 
CC  matrix.nb: 29
XX
//
AC  M0179_0.90.txt_1
XX
ID  bigmax
XX
DE  cacgtgmym
P0       A     C     G     T
1    12.4649 76.9317 5.38123 5.22219
2    77.6553 11.2715 1.27415 9.799
3    0.0987198 92.2526 7.64866     0
4    20.1004 6.02699e-06 79.8969     0
5    0.000425368 11.1055 1.66591e-05 88.894
6    0.0349006 0.00711713 99.9579     0
7    33.5047 25.8338 19.721 20.9405
8     23.3 26.5347 16.0941 34.0712
9    27.3742 32.7729 18.5339 21.319
XX
CC  program: transfac
CC  matrix.nb: 30
CC  accession: M0179_0.90.txt_1
CC  AC: M0179_0.90.txt_1
CC  id: M0179_0.90.txt_1
CC  name: bigmax
CC  version: 
CC  name: bigmax
CC  description: cacgtgmym
CC  transfac_consensus: 
CC  matrix.nb: 30
XX
//
AC  M0180_0.90.txt_1
XX
ID  bigmax
XX
DE  scacgtgmym
P0       A     C     G     T
1    21.349 31.532 29.1077 18.0114
2    12.0917 70.9888 7.40772 9.5117
3    53.2339 9.25067 24.648 12.8674
4    1.85936 87.3768 2.91605 7.84777
5    21.4454 5.08101 73.3697 0.103883
6    1.84679 0.00345978 5.07056 93.0792
7    0.00566439 0.00698803 97.1682 2.81917
8    35.7783 27.0406 19.0552 18.1259
9    21.5087 28.4589 15.6186 34.4139
10   25.328 34.8799 18.2089 21.5831
XX
CC  program: transfac
CC  matrix.nb: 31
CC  accession: M0180_0.90.txt_1
CC  AC: M0180_0.90.txt_1
CC  id: M0180_0.90.txt_1
CC  name: bigmax
CC  version: 
CC  name: bigmax
CC  description: scacgtgmym
CC  transfac_consensus: 
CC  matrix.nb: 31
XX
//
AC  M0181_0.90.txt_1
XX
ID  Hey
XX
DE  rcacgtgtc
P0       A     C     G     T
1    27.374 10.8005 52.436 9.38951
2    2.03781 96.7255 0.204309 1.03239
3    82.5043 1.16515 14.6267 1.70378
4    1.27606 90.3576 2.92641 5.43998
5    5.72751 1.4848 91.4033 1.38442
6    2.67881 15.885 1.16809 80.2681
7    4.60201 5.0354 85.3272 5.0354
8    18.9179 21.9795 21.7608 37.3417
9    14.5701 58.4966 14.1394 12.7939
XX
CC  program: transfac
CC  matrix.nb: 32
CC  accession: M0181_0.90.txt_1
CC  AC: M0181_0.90.txt_1
CC  id: M0181_0.90.txt_1
CC  name: Hey
CC  version: 
CC  name: Hey
CC  description: rcacgtgtc
CC  transfac_consensus: 
CC  matrix.nb: 32
XX
//
AC  M0182_0.90.txt_1
XX
ID  da
XX
DE  rcacctgbd
P0       A     C     G     T
1    35.8832 23.3424 34.4762 6.29823
2    0.455963 98.9542 0.0808352 0.508982
3    95.8089 0.0290818 3.98428 0.177703
4    0.98233 78.4273 11.2703 9.32009
5    0.799282 85.2816 13.4094 0.509645
6    1.54484 0.774853 0.660286 97.02
7    0.260953 0.362978 98.1588 1.21724
8    8.87274 39.3692 25.1029 26.6552
9    26.7667 20.2299 26.2367 26.7667
XX
CC  program: transfac
CC  matrix.nb: 33
CC  accession: M0182_0.90.txt_1
CC  AC: M0182_0.90.txt_1
CC  id: M0182_0.90.txt_1
CC  name: da
CC  version: 
CC  name: da
CC  description: rcacctgbd
CC  transfac_consensus: 
CC  matrix.nb: 33
XX
//
AC  M0183_0.90.txt_1
XX
ID  da
XX
DE  scaggtgykm
P0       A     C     G     T
1    24.3429 30.638 33.8602 11.1589
2    6.56145 91.947 0.853177 0.638401
3    89.9229 3.06165 3.34997 3.66546
4    6.41956 21.1016 70.7639 1.71489
5    17.014 14.644 68.3085 0.0335082
6    4.88691 2.68199 0.910793 91.5203
7    6.69592 1.12919 89.2551 2.91975
8    9.15354 31.6311 23.9063 35.3091
9    21.8368 20.9806 25.8833 31.2993
10   26.0006 28.7351 21.5015 23.7628
XX
CC  program: transfac
CC  matrix.nb: 34
CC  accession: M0183_0.90.txt_1
CC  AC: M0183_0.90.txt_1
CC  id: M0183_0.90.txt_1
CC  name: da
CC  version: 
CC  name: da
CC  description: scaggtgykm
CC  transfac_consensus: 
CC  matrix.nb: 34
XX
//
AC  M0184_0.90.txt_1
XX
ID  da
XX
DE  vcaggtgb
P0       A     C     G     T
1    25.8484 29.7327 32.209 12.2099
2    2.13367 97.3045 0.300546 0.261282
3    93.9038 3.16537 1.75465 1.17618
4    0.688338 18.6627 80.3606 0.28838
5    20.3145 13.8923 65.4532 0.340049
6    0.42431 0.692607 0.121567 98.7615
7    0.330192 0.0974827 98.6837 0.888625
8    11.7426 31.9197 25.3613 30.9764
XX
CC  program: transfac
CC  matrix.nb: 35
CC  accession: M0184_0.90.txt_1
CC  AC: M0184_0.90.txt_1
CC  id: M0184_0.90.txt_1
CC  name: da
CC  version: 
CC  name: da
CC  description: vcaggtgb
CC  transfac_consensus: 
CC  matrix.nb: 35
XX
//
AC  M0185_0.90.txt_1
XX
ID  HLH106
XX
DE  rtsrsgtgay
P0       A     C     G     T
1    39.3016 15.1995 36.2799 9.21898
2    11.7172 11.835 6.96614 69.4816
3    12.8123 47.962 32.7993 6.42636
4    39.7372 0.270438 46.632 13.3603
5    0.028771 48.5023 31.5512 19.9177
6    21.2693 13.9749 57.816 6.93975
7    9.90095 16.0007 0.204463 73.8939
8    5.54499 2.5674 84.1747 7.7129
9    57.8926 7.30522 14.1341 20.6681
10   10.1129 26.1489 14.6407 49.0975
XX
CC  program: transfac
CC  matrix.nb: 36
CC  accession: M0185_0.90.txt_1
CC  AC: M0185_0.90.txt_1
CC  id: M0185_0.90.txt_1
CC  name: HLH106
CC  version: 
CC  name: HLH106
CC  description: rtsrsgtgay
CC  transfac_consensus: 
CC  matrix.nb: 36
XX
//
AC  M0186_0.90.txt_1
XX
ID  HLH106
XX
DE  tcrsgtgay
P0       A     C     G     T
1    19.0879 15.7849 9.47877 55.6484
2    17.0856 53.9597 21.9384 7.01631
3    41.9429 0.00212562 44.0934 13.9616
4    6.90441 46.6261 30.6355 15.834
5    21.318 14.4335 61.5315 2.71706
6    9.82556 19.0104 2.13382e-05 71.164
7    0.00689914 9.71471 81.748 8.53044
8    64.3168 6.01238 13.6511 16.0197
9    0.141579 31.6616 11.0796 57.1172
XX
CC  program: transfac
CC  matrix.nb: 37
CC  accession: M0186_0.90.txt_1
CC  AC: M0186_0.90.txt_1
CC  id: M0186_0.90.txt_1
CC  name: HLH106
CC  version: 
CC  name: HLH106
CC  description: tcrsgtgay
CC  transfac_consensus: 
CC  matrix.nb: 37
XX
//
AC  M0188_0.90.txt_1
XX
ID  HLH106
XX
DE  tsrcgtga
P0       A     C     G     T
1    7.7454 0.0766871 0.0766871 92.1012
2    0.0586854 70.4812 29.4014 0.0586854
3    41.1385 0.0586854 58.7441 0.0586854
4    0.0586854 82.2183 11.7958 5.92723
5    0.0586854 0.0586854 99.8239 0.0586854
6    0.0586854 5.92723 0.0586854 93.9554
7    0.0586854 0.0586854 99.8239 0.0586854
8    84.4325 0.0766871 7.7454 7.7454
XX
CC  program: transfac
CC  matrix.nb: 38
CC  accession: M0188_0.90.txt_1
CC  AC: M0188_0.90.txt_1
CC  id: M0188_0.90.txt_1
CC  name: HLH106
CC  version: 
CC  name: HLH106
CC  description: tsrcgtga
CC  transfac_consensus: 
CC  matrix.nb: 38
XX
//
AC  M0189_0.90.txt_1
XX
ID  h_dpn
XX
DE  sscacgygyc
P0       A     C     G     T
1    18.7192 25.7787 37.6958 17.8062
2    20.8846 29.9345 39.6073 9.57363
3    4.01927 87.4529 1.42063 7.10715
4    74.2947 3.34692 14.1263 8.23209
5    2.92232 83.2942 5.59783 8.18562
6    16.483 4.06466 76.8864 2.56595
7    11.579 46.9552 6.68051 34.7853
8    5.82071 11.2619 66.1167 16.8007
9    22.5947 30.1962 15.1457 32.0634
10   21.714 38.3962 19.8451 20.0446
XX
CC  program: transfac
CC  matrix.nb: 39
CC  accession: M0189_0.90.txt_1
CC  AC: M0189_0.90.txt_1
CC  id: M0189_0.90.txt_1
CC  name: h_dpn
CC  version: 
CC  name: h_dpn
CC  description: sscacgygyc
CC  transfac_consensus: 
CC  matrix.nb: 39
XX
//
AC  M0191_0.90.txt_1
XX
ID  FBgn0263112
XX
DE  cacgtgay
P0       A     C     G     T
1    0.934839 99.0466 0.00925583     0
2    62.7974 5.79147 14.0532 17.3579
3    0.00746046 87.2948 2.2456 10.4521
4    12.6902 4.48374 82.8186     0
5    8.21397 2.99164 3.73769 85.0567
6    0.00746046 0.00746046 99.9776     0
7    85.5638 7.21362 4.51189 2.71073
8    1.48442 63.2128 7.36332 27.9394
XX
CC  program: transfac
CC  matrix.nb: 40
CC  accession: M0191_0.90.txt_1
CC  AC: M0191_0.90.txt_1
CC  id: M0191_0.90.txt_1
CC  name: FBgn0263112
CC  version: 
CC  name: FBgn0263112
CC  description: cacgtgay
CC  transfac_consensus: 
CC  matrix.nb: 40
XX
//
AC  M0192_0.90.txt_1
XX
ID  Oli
XX
DE  arcatatggy
P0       A     C     G     T
1    41.2746 17.5491 23.6272 17.5491
2    41.3869 22.0536 29.8563 6.70327
3    0.00460189 99.9862 0.00460189     0
4    99.9862 0.00460189 0.00460189     0
5    0.00460189 0.00460189 0.00460189 99.9862
6    99.9862 0.00460189 0.00460189     0
7    0.00460189 0.00460189 0.00460189 99.9862
8    0.00460189 0.00460189 99.9862     0
9    7.45553 13.4874 65.1658 13.8914
10   18.3013 27.2775 18.3013 36.1199
XX
CC  program: transfac
CC  matrix.nb: 41
CC  accession: M0192_0.90.txt_1
CC  AC: M0192_0.90.txt_1
CC  id: M0192_0.90.txt_1
CC  name: Oli
CC  version: 
CC  name: Oli
CC  description: arcatatggy
CC  transfac_consensus: 
CC  matrix.nb: 41
XX
//
AC  M0193_0.90.txt_1
XX
ID  HLH54F
XX
DE  rmcakmtgky
P0       A     C     G     T
1    34.9915 14.6774 27.8558 22.4752
2    35.7002 41.7355 17.3504 5.21386
3    13.9509 82.7857 3.20015 0.0632758
4    72.4593 4.15669e-09 22.7645 4.77625
5    6.4454 12.6184 29.4078 51.5285
6    51.5285 29.4078 12.6184 6.4454
7    4.77625 22.7645 4.15669e-09 72.4593
8    0.0632758 3.20015 82.7857 13.9509
9    5.21386 17.3504 41.7355 35.7002
10   22.4752 27.8558 14.6774 34.9915
XX
CC  program: transfac
CC  matrix.nb: 42
CC  accession: M0193_0.90.txt_1
CC  AC: M0193_0.90.txt_1
CC  id: M0193_0.90.txt_1
CC  name: HLH54F
CC  version: 
CC  name: HLH54F
CC  description: rmcakmtgky
CC  transfac_consensus: 
CC  matrix.nb: 42
XX
//
AC  M0199_0.90.txt_1
XX
ID  FBgn0263112
XX
DE  rtcacgtgay
P0       A     C     G     T
1    31.7421 18.3419 33.3604 16.5555
2    19.0817 21.2307 22.1545 37.5331
3    6.5189 84.2821 3.92093 5.2781
4    67.3632 6.95698 11.0745 14.6054
5    2.00292 79.8818 3.88812 14.2271
6    14.2271 3.88812 79.8818 2.00292
7    14.6054 11.0745 6.95698 67.3632
8    5.2781 3.92093 84.2821 6.5189
9    37.5331 22.1545 21.2307 19.0817
10   16.5555 33.3604 18.3419 31.7421
XX
CC  program: transfac
CC  matrix.nb: 43
CC  accession: M0199_0.90.txt_1
CC  AC: M0199_0.90.txt_1
CC  id: M0199_0.90.txt_1
CC  name: FBgn0263112
CC  version: 
CC  name: FBgn0263112
CC  description: rtcacgtgay
CC  transfac_consensus: 
CC  matrix.nb: 43
XX
//
AC  M0200_0.90.txt_1
XX
ID  FBgn0263112
XX
DE  ccwcgtgayy
P0       A     C     G     T
1    22.6573 31.5155 21.7689 24.0583
2    10.1241 78.6428 5.84108 5.392
3    42.3071 13.5306 19.0098 25.1525
4    2.83959 71.0696 6.91477 19.176
5    22.8588 9.48143 65.9789 1.68091
6    9.88056 3.74555 8.85134 77.5226
7    0.27613 1.14238 95.8819 2.69964
8    60.5853 14.3543 14.2115 10.8488
9    9.487 40.8506 10.8041 38.8583
10   22.5482 28.9525 20.4025 28.0968
XX
CC  program: transfac
CC  matrix.nb: 44
CC  accession: M0200_0.90.txt_1
CC  AC: M0200_0.90.txt_1
CC  id: M0200_0.90.txt_1
CC  name: FBgn0263112
CC  version: 
CC  name: FBgn0263112
CC  description: ccwcgtgayy
CC  transfac_consensus: 
CC  matrix.nb: 44
XX
//
AC  M0205_0.90.txt_1
XX
ID  da
XX
DE  mrcayctgs
P0       A     C     G     T
1    28.0792 27.5232 22.0878 22.3098
2    36.2691 24.3119 30.2945 9.12452
3    1.30076 93.0323 0.846154 4.82083
4    97.4963 0.0159199 2.13788 0.349873
5    2.63299 57.8654 14.2694 25.2322
6    5.23449 77.8878 13.6709 3.20679
7    4.1743 4.21625 4.34466 87.2648
8    2.01733 0.102466 91.9989 5.88129
9    10.1013 30.0439 35.2569 24.5979
XX
CC  program: transfac
CC  matrix.nb: 45
CC  accession: M0205_0.90.txt_1
CC  AC: M0205_0.90.txt_1
CC  id: M0205_0.90.txt_1
CC  name: da
CC  version: 
CC  name: da
CC  description: mrcayctgs
CC  transfac_consensus: 
CC  matrix.nb: 45
XX
//
AC  M0206_0.90.txt_1
XX
ID  FBgn0263112
XX
DE  ccacgtgayy
P0       A     C     G     T
1    19.869 34.0953 21.5238 24.5119
2    5.99986 88.388 2.83413 2.77801
3    46.1135 10.9256 19.1271 23.8338
4    1.25827 79.817 3.28622 15.6385
5    19.3629 7.34016 72.4836 0.813313
6    5.04831 1.59848 5.20205 88.1512
7    0.187103 0.273598 98.8797 0.659617
8    72.7507 10.0446 9.45969 7.74494
9    5.94629 46.1902 8.10732 39.7562
10   22.0107 31.2347 19.3275 27.4271
XX
CC  program: transfac
CC  matrix.nb: 46
CC  accession: M0206_0.90.txt_1
CC  AC: M0206_0.90.txt_1
CC  id: M0206_0.90.txt_1
CC  name: FBgn0263112
CC  version: 
CC  name: FBgn0263112
CC  description: ccacgtgayy
CC  transfac_consensus: 
CC  matrix.nb: 46
XX
//
AC  M0207_0.90.txt_1
XX
ID  nau
XX
DE  vcavctgty
P0       A     C     G     T
1    28.9475 25.4187 26.9905 18.6433
2    5.25899 77.4738 5.20667 12.0605
3    53.3145 10.5509 23.2478 12.8869
4    26.6544 30.0527 26.1266 17.1664
5    19.0214 45.8588 17.3843 17.7355
6    0.0604387 0.0377743 0.0312378 99.8705
7    0.176529 0.213467 86.9844 12.6256
8    23.4495 16.5246 14.656 45.3699
9    1.83433 46.8373 7.21873 44.1097
XX
CC  program: transfac
CC  matrix.nb: 47
CC  accession: M0207_0.90.txt_1
CC  AC: M0207_0.90.txt_1
CC  id: M0207_0.90.txt_1
CC  name: nau
CC  version: 
CC  name: nau
CC  description: vcavctgty
CC  transfac_consensus: 
CC  matrix.nb: 47
XX
//
AC  M0208_0.90.txt_1
XX
ID  nau
XX
DE  wcagctgty
P0       A     C     G     T
1    39.881 0.198413 20.0397 39.881
2    0.110619 99.6681 0.110619 0.110619
3    99.6681 0.110619 0.110619 0.110619
4    22.2345 0.110619 55.4204 22.2345
5    22.2345 77.5442 0.110619 0.110619
6    0.0996016 0.0996016 0.0996016 99.7012
7    0.0996016 0.0996016 99.7012 0.0996016
8    11.1726 0.110619 0.110619 88.6062
9    0.198413 39.881 0.198413 59.7222
XX
CC  program: transfac
CC  matrix.nb: 48
CC  accession: M0208_0.90.txt_1
CC  AC: M0208_0.90.txt_1
CC  id: M0208_0.90.txt_1
CC  name: nau
CC  version: 
CC  name: nau
CC  description: wcagctgty
CC  transfac_consensus: 
CC  matrix.nb: 48
XX
//
AC  M0211_0.90.txt_1
XX
ID  Oli
XX
DE  swaycatatkg
P0       A     C     G     T
1    20.1784 29.598 30.0452 20.1784
2    27.4925 7.99235 7.99235 56.5228
3    73.1885 12.0705 2.4371 12.3039
4    18.9822 51.789 0.0302372 29.1985
5    19.5173 61.4669 0.0302372 18.9856
6    80.9704 0.0302372 0.0302372 18.9691
7    0.0302372 19.4479 9.34882 71.1731
8    90.5907 0.0302372 0.0302372 9.34882
9    24.3671 14.4721 23.7061 37.4546
10   17.0379 17.0379 39.266 26.6582
11   22.5931 22.5931 32.2206 22.5931
XX
CC  program: transfac
CC  matrix.nb: 49
CC  accession: M0211_0.90.txt_1
CC  AC: M0211_0.90.txt_1
CC  id: M0211_0.90.txt_1
CC  name: Oli
CC  version: 
CC  name: Oli
CC  description: swaycatatkg
CC  transfac_consensus: 
CC  matrix.nb: 49
XX
//
AC  M0212_0.90.txt_1
XX
ID  HLH54F
XX
DE  rmcakmtgk
P0       A     C     G     T
1    74.505 0.247525    25 0.247525
2    74.7512    25 0.124378 0.124378
3    0.124378 99.6269 0.124378 0.124378
4    99.6269 0.124378 0.124378 0.124378
5    0.124378 0.124378 37.4378 62.3134
6    62.3134 37.4378 0.124378 0.124378
7    0.124378 0.124378 0.124378 99.6269
8    0.124378 0.124378 99.6269 0.124378
9    0.247525 0.247525 49.7525 49.7525
XX
CC  program: transfac
CC  matrix.nb: 50
CC  accession: M0212_0.90.txt_1
CC  AC: M0212_0.90.txt_1
CC  id: M0212_0.90.txt_1
CC  name: HLH54F
CC  version: 
CC  name: HLH54F
CC  description: rmcakmtgk
CC  transfac_consensus: 
CC  matrix.nb: 50
XX
//
AC  M0214_0.90.txt_1
XX
ID  HLH3B_HLH4C
XX
DE  mkcagctgyr
P0       A     C     G     T
1    28.2767 30.5521 17.1954 23.9759
2    3.76275 3.76275 67.4128 25.0617
3    0.0178229 86.2732 0.0178229 13.6912
4    93.0537 0.0178229 6.91063 0.0178229
5    7.11324 7.74129 71.4543 13.6912
6    14.5218 71.4543 6.91063 7.11324
7    0.0178229 6.79836 0.0178229 93.166
8    7.74129 0.0178229 92.2231 0.0178229
9    15.2455 30.1874 7.82247 46.7447
10   28.1479 21.2551 29.342 21.2551
XX
CC  program: transfac
CC  matrix.nb: 51
CC  accession: M0214_0.90.txt_1
CC  AC: M0214_0.90.txt_1
CC  id: M0214_0.90.txt_1
CC  name: HLH3B_HLH4C
CC  version: 
CC  name: HLH3B_HLH4C
CC  description: mkcagctgyr
CC  transfac_consensus: 
CC  matrix.nb: 51
XX
//
AC  M0215_0.90.txt_1
XX
ID  tap
XX
DE  rmcatatkgt
P0       A     C     G     T
1    40.3111 23.4912 27.0213 9.17633
2    38.9213 42.1629 15.0525 3.86337
3    11.7703 86.9711 0.0903175 1.16833
4    76.2775 1.05588 15.0952 7.5714
5    0.927154 5.60896 14.0745 79.3894
6    79.1225 14.3105 6.43014 0.136832
7    11.3291 18.6785 3.48118 66.5113
8    1.39219 2.6936 68.7777 27.1365
9    6.69308 17.1342 59.2091 16.9637
10   22.6244 23.5478 11.3479 42.4799
XX
CC  program: transfac
CC  matrix.nb: 52
CC  accession: M0215_0.90.txt_1
CC  AC: M0215_0.90.txt_1
CC  id: M0215_0.90.txt_1
CC  name: tap
CC  version: 
CC  name: tap
CC  description: rmcatatkgt
CC  transfac_consensus: 
CC  matrix.nb: 52
XX
//
AC  M0216_0.90.txt_1
XX
ID  dimm
XX
DE  acatatgs
P0       A     C     G     T
1    61.4264 15.4141 23.0828 0.0766871
2    0.0499002 99.8503 0.0499002 0.0499002
3    99.8503 0.0499002 0.0499002 0.0499002
4    0.0499002 0.0499002 20.01 79.8902
5    79.8902 20.01 0.0499002 0.0499002
6    0.0499002 0.0499002 0.0499002 99.8503
7    0.0499002 0.0499002 99.8503 0.0499002
8    0.0712251 28.5613 57.0513 14.3162
XX
CC  program: transfac
CC  matrix.nb: 53
CC  accession: M0216_0.90.txt_1
CC  AC: M0216_0.90.txt_1
CC  id: M0216_0.90.txt_1
CC  name: dimm
CC  version: 
CC  name: dimm
CC  description: acatatgs
CC  transfac_consensus: 
CC  matrix.nb: 53
XX
//
AC  M0217_0.90.txt_1
XX
ID  da
XX
DE  mrcayctgs
P0       A     C     G     T
1    25.6778 27.8165 24.1825 22.3232
2    32.2236 24.3541 30.9601 12.4622
3    5.38533 90.3488 1.48242 2.78341
4    92.9235 1.07442 3.35945 2.64264
5    2.20605 54.6639 17.3086 25.8214
6    4.8596 76.0169 16.9617 2.16183
7    2.97619 4.57517 7.619 84.8296
8    2.19884 0.876278 88.937 7.9879
9    12.334 30.035 33.5274 24.1036
XX
CC  program: transfac
CC  matrix.nb: 54
CC  accession: M0217_0.90.txt_1
CC  AC: M0217_0.90.txt_1
CC  id: M0217_0.90.txt_1
CC  name: da
CC  version: 
CC  name: da
CC  description: mrcayctgs
CC  transfac_consensus: 
CC  matrix.nb: 54
XX
//
AC  M0218_0.90.txt_1
XX
ID  tgo_cyc
XX
DE  dcacgtgach
P0       A     C     G     T
1    26.8222 14.5739 33.0899 25.514
2    4.81388 93.8317 0.411273 0.943181
3    83.6649 5.1388 5.79398 5.40227
4    0.310316 94.6167 0.267091 4.80585
5    2.36214 0.94136 96.5026 0.193897
6    2.06898 1.0172 1.61132 95.3025
7    0.00833172 0.00366955 99.7148 0.273163
8    75.1513 14.2892 4.39076 6.16879
9    7.1163 55.8342 12.4583 24.5912
10   25.8571 26.1169 22.9332 25.0929
XX
CC  program: transfac
CC  matrix.nb: 55
CC  accession: M0218_0.90.txt_1
CC  AC: M0218_0.90.txt_1
CC  id: M0218_0.90.txt_1
CC  name: tgo_cyc
CC  version: 
CC  name: tgo_cyc
CC  description: dcacgtgach
CC  transfac_consensus: 
CC  matrix.nb: 55
XX
//
AC  M0219_0.90.txt_1
XX
ID  Max
XX
DE  scrcrtgsy
P0       A     C     G     T
1    18.866 36.5019 26.5058 18.1263
2    16.1107 70.7733 7.53442 5.58163
3    55.3702 6.44975 27.2224 10.9577
4    1.63834 81.7513 7.64217 8.96817
5    28.0383 6.91415 64.9469 0.100617
6    5.89792 0.621636 3.04835 90.4321
7    0.0164896 0.000982879 99.9805     0
8    19.4467 25.4745 33.3707 21.708
9    17.8079 27.3753 23.3277 31.4891
XX
CC  program: transfac
CC  matrix.nb: 56
CC  accession: M0219_0.90.txt_1
CC  AC: M0219_0.90.txt_1
CC  id: M0219_0.90.txt_1
CC  name: Max
CC  version: 
CC  name: Max
CC  description: scrcrtgsy
CC  transfac_consensus: 
CC  matrix.nb: 56
XX
//
AC  M0220_0.90.txt_1
XX
ID  Max
XX
DE  accacrtgg
P0       A     C     G     T
1    35.1977 20.3073 23.359 21.1361
2    22.7947 29.269 23.4889 24.4475
3    16.6972 73.3497 5.44794 4.50523
4    61.9065 4.41773 23.9418 9.734
5    0.765135 84.9699 5.48654 8.77843
6    33.0225 2.9072 63.8917 0.178564
7    10.174 2.05409 2.1594 85.6125
8    0.0389094 0.00486096 96.8807 3.07554
9    18.7081 24.507 35.4796 21.3053
XX
CC  program: transfac
CC  matrix.nb: 57
CC  accession: M0220_0.90.txt_1
CC  AC: M0220_0.90.txt_1
CC  id: M0220_0.90.txt_1
CC  name: Max
CC  version: 
CC  name: Max
CC  description: accacrtgg
CC  transfac_consensus: 
CC  matrix.nb: 57
XX
//
AC  M0221_0.90.txt_1
XX
ID  Max
XX
DE  rccrcrtgs
P0       A     C     G     T
1    28.9595 24.189 28.3861 18.4654
2    20.8936 39.23 21.5299 18.3466
3    19.023 67.0642 8.46255 5.45019
4    48.2082 8.89535 31.3598 11.5366
5    1.53619 79.7825 6.74839 11.933
6    28.9914 4.74456 65.8249 0.439112
7    5.23439 2.14953 1.21562 91.4005
8    0.0116198 0.00175542 99.9784     0
9    17.4078 30.4753 32.685 19.4319
XX
CC  program: transfac
CC  matrix.nb: 58
CC  accession: M0221_0.90.txt_1
CC  AC: M0221_0.90.txt_1
CC  id: M0221_0.90.txt_1
CC  name: Max
CC  version: 
CC  name: Max
CC  description: rccrcrtgs
CC  transfac_consensus: 
CC  matrix.nb: 58
XX
//
AC  M0222_0.90.txt_1
XX
ID  amos_ato_cato
XX
DE  aacatatgky
P0       A     C     G     T
1    38.3121 22.1525 24.3456 15.1898
2    66.5688 16.8178 11.8649 4.74843
3    0.00106698 99.9968 0.00106698     0
4    99.9968 0.00106698 0.00106698     0
5    0.00106698 0.00106698 8.79234 91.2055
6    91.2055 8.79234 0.00106698     0
7    0.00106698 0.00106698 0.00106698 99.9968
8    0.00106698 0.00106698 99.9968     0
9    9.81126 9.81126 50.0296 30.3479
10   20.2526 30.0826 20.2526 29.4121
XX
CC  program: transfac
CC  matrix.nb: 59
CC  accession: M0222_0.90.txt_1
CC  AC: M0222_0.90.txt_1
CC  id: M0222_0.90.txt_1
CC  name: amos_ato_cato
CC  version: 
CC  name: amos_ato_cato
CC  description: aacatatgky
CC  transfac_consensus: 
CC  matrix.nb: 59
XX
//
AC  M0225_0.90.txt_1
XX
ID  Max
XX
DE  acacgtgs
P0       A     C     G     T
1    63.6364 9.09091 18.1818 9.09091
2        0   100     0     0
3      100     0     0     0
