AC  M0083_0.90.txt_1
XX
ID  Tcfap2a_Tcfap2b_Tcfap2c_Tcfap2e_Tcfap2d
XX
DE  scytsrggcr
P0       A     C     G     T
1    11.9865 43.5445 34.9453 9.5237
2    0.137598 94.3092 0.043135 5.51008
3    2.21798 65.1437 2.47588 30.1624
4    9.22497 22.9178 24.8265 43.0307
5    20.183 32.9451 33.6106 13.2612
6    38.5087 19.1229 37.7462 4.62226
7    10.8046 0.0323861 89.1193 0.0437167
8    0.0929455 0.0370406 98.9147 0.955289
9    2.49423 66.9524 19.375 11.1784
10   34.2181 10.2037 33.5405 22.0377
XX
CC  program: transfac
CC  matrix.nb: 1
CC  accession: M0083_0.90.txt_1
CC  AC: M0083_0.90.txt_1
CC  id: M0083_0.90.txt_1
CC  name: Tcfap2a_Tcfap2b_Tcfap2c_Tcfap2e_Tcfap2d
CC  version: 
CC  name: Tcfap2a_Tcfap2b_Tcfap2c_Tcfap2e_Tcfap2d
CC  description: scytsrggcr
CC  transfac_consensus: 
CC  matrix.nb: 1
XX
//
AC  M0084_0.90.txt_1
XX
ID  Tcfap2a_Tcfap2b_Tcfap2c_Tcfap2e_Tcfap2d
XX
DE  tcsccysagg
P0       A     C     G     T
1    16.3199 12.9667 10.8307 59.8826
2    20.3446 34.9115 24.6017 20.1422
3    0.130116 33.1377 66.7311     0
4    0.00449451 99.993 0.00107558     0
5    0.02132 94.8115 0.0022697 5.16492
6    2.00372 28.6458 15.5647 53.7857
7    10.6547 39.4882 39.0953 10.7618
8    56.5281 17.7208 23.4469 2.30421
9    10.0634 0.00926882 89.9183     0
10   0.0119741 0.00375373 99.9823     0
XX
CC  program: transfac
CC  matrix.nb: 2
CC  accession: M0084_0.90.txt_1
CC  AC: M0084_0.90.txt_1
CC  id: M0084_0.90.txt_1
CC  name: Tcfap2a_Tcfap2b_Tcfap2c_Tcfap2e_Tcfap2d
CC  version: 
CC  name: Tcfap2a_Tcfap2b_Tcfap2c_Tcfap2e_Tcfap2d
CC  description: tcsccysagg
CC  transfac_consensus: 
CC  matrix.nb: 2
XX
//
AC  M0085_0.90.txt_1
XX
ID  Tcfap2a_Tcfap2b_Tcfap2c_Tcfap2e
XX
DE  ysccysaggs
P0       A     C     G     T
1    19.4725 40.0049 15.0143 25.5083
2    8.96002 32.5498 52.603 5.88715
3    0.00860885 98.9917 0.0243563 0.975345
4    0.124809 81.3717 1.23248 17.271
5    7.06894 44.9572 22.5494 25.4244
6    11.4154 27.2476 44.4767 16.8603
7    58.6691 18.2089 16.1499 6.97208
8    19.9175 0.192357 79.1701 0.720074
9    1.93589 0.0265312 97.5696 0.467931
10   6.17475 50.9308 30.5837 12.3107
XX
CC  program: transfac
CC  matrix.nb: 3
CC  accession: M0085_0.90.txt_1
CC  AC: M0085_0.90.txt_1
CC  id: M0085_0.90.txt_1
CC  name: Tcfap2a_Tcfap2b_Tcfap2c_Tcfap2e
CC  version: 
CC  name: Tcfap2a_Tcfap2b_Tcfap2c_Tcfap2e
CC  description: ysccysaggs
CC  transfac_consensus: 
CC  matrix.nb: 3
XX
//
AC  M0086_0.90.txt_1
XX
ID  Tcfap2a_Tcfap2b_Tcfap2c_Tcfap2e_Tcfap2d
XX
DE  ccksrggcra
P0       A     C     G     T
1    3.75172 95.7955 0.165665 0.28714
2    3.90545 84.1307 0.11331 11.8505
3    5.97563 23.0506 25.4748 45.499
4    17.0862 39.1841 31.446 12.2837
5    53.5013 13.595 32.7763 0.127416
6    6.1775 0.0164228 93.7765 0.0296265
7    3.8397 0.0168298 96.1004 0.0430839
8    2.75279 75.3855 21.3834 0.478363
9    32.1576 13.4725 32.1576 22.2124
10   47.4516 13.5951 17.6319 21.3214
XX
CC  program: transfac
CC  matrix.nb: 4
CC  accession: M0086_0.90.txt_1
CC  AC: M0086_0.90.txt_1
CC  id: M0086_0.90.txt_1
CC  name: Tcfap2a_Tcfap2b_Tcfap2c_Tcfap2e_Tcfap2d
CC  version: 
CC  name: Tcfap2a_Tcfap2b_Tcfap2c_Tcfap2e_Tcfap2d
CC  description: ccksrggcra
CC  transfac_consensus: 
CC  matrix.nb: 4
XX
//
AC  M0101_0.90.txt_1
XX
ID  Arid3b_Arid3a
XX
DE  ydatyaaaw
P0       A     C     G     T
1    19.6725 27.0916 20.4754 32.7605
2    40.3679 8.15014 25.9984 25.4836
3    99.9299 0.00950887 0.0187693 0.0417719
4    0.0504388 0.124059 0.0417108 99.7838
5    16.5827 37.6511 3.31468 42.4515
6    73.2498 5.33279 11.9876 9.4298
7    66.103 9.31116 11.3727 13.2132
8    51.0165 9.89618 17.4991 21.5882
9    33.5782 22.7343 14.496 29.1915
XX
CC  program: transfac
CC  matrix.nb: 5
CC  accession: M0101_0.90.txt_1
CC  AC: M0101_0.90.txt_1
CC  id: M0101_0.90.txt_1
CC  name: Arid3b_Arid3a
CC  version: 
CC  name: Arid3b_Arid3a
CC  description: ydatyaaaw
CC  transfac_consensus: 
CC  matrix.nb: 5
XX
//
AC  M0104_0.90.txt_1
XX
ID  Arid3b_Arid3a_Arid3c
XX
DE  wtttdatwa
P0       A     C     G     T
1    28.0526 18.4318 22.5127 31.0029
2    22.6709 17.6561 10.709 48.9639
3    13.9203 12.2233 10.2098 63.6466
4    11.5272 10.2237 5.6673 72.5817
5    37.7683 4.91097 31.2329 26.0879
6    96.7814 1.01253 1.06445 1.14163
7    0.0385606 0.0207435 0.0100969 99.9306
8    29.4769 22.2782 11.5145 36.7305
9    29.6025 22.5979 22.825 24.9746
XX
CC  program: transfac
CC  matrix.nb: 6
CC  accession: M0104_0.90.txt_1
CC  AC: M0104_0.90.txt_1
CC  id: M0104_0.90.txt_1
CC  name: Arid3b_Arid3a_Arid3c
CC  version: 
CC  name: Arid3b_Arid3a_Arid3c
CC  description: wtttdatwa
CC  transfac_consensus: 
CC  matrix.nb: 6
XX
//
AC  M0105_0.90.txt_1
XX
ID  Arid3b_Arid3a_Arid3c
XX
DE  awattaatwaa
P0       A     C     G     T
1    46.7943 17.7352 17.7352 17.7352
2    27.3411 8.00673 8.00673 56.6454
3    60.9177 11.9174 3.37487 23.7901
4    10.4443 0.0140595 0.0140595 89.5276
5    0.0140595 0.0140595 0.0140595 99.9578
6    99.9578 0.0140595 0.0140595 0.0140595
7    91.0941 0.0140595 0.0140595 8.87778
8    8.87778 0.0140595 0.0140595 91.0941
9    26.1793 16.7866 7.27882 49.7552
10   48.978 17.0073 17.0073 17.0073
11   35.0824 21.6392 21.6392 21.6392
XX
CC  program: transfac
CC  matrix.nb: 7
CC  accession: M0105_0.90.txt_1
CC  AC: M0105_0.90.txt_1
CC  id: M0105_0.90.txt_1
CC  name: Arid3b_Arid3a_Arid3c
CC  version: 
CC  name: Arid3b_Arid3a_Arid3c
CC  description: awattaatwaa
CC  transfac_consensus: 
CC  matrix.nb: 7
XX
//
AC  M0106_0.90.txt_1
XX
ID  Arid3b_Arid3a_Arid3c
XX
DE  ywatyaaaw
P0       A     C     G     T
1    24.6578 26.7115 23.2219 25.4088
2    37.8326 8.9636 24.6105 28.5933
3    93.2211 2.00366 2.44727 2.32792
4    10.9459 5.71426 9.42122 73.9186
5    19.8441 33.3784 11.3351 35.4424
6    70.8755 5.64588 13.8866 9.59196
7    60.7308 10.0387 14.1039 15.1265
8    51.9306 10.8039 18.7259 18.5396
9    34.7377 20.2433 18.501 26.518
XX
CC  program: transfac
CC  matrix.nb: 8
CC  accession: M0106_0.90.txt_1
CC  AC: M0106_0.90.txt_1
CC  id: M0106_0.90.txt_1
CC  name: Arid3b_Arid3a_Arid3c
CC  version: 
CC  name: Arid3b_Arid3a_Arid3c
CC  description: ywatyaaaw
CC  transfac_consensus: 
CC  matrix.nb: 8
XX
//
AC  M0107_0.90.txt_1
XX
ID  Arid3b_Arid3a_Arid3c
XX
DE  wtttratww
P0       A     C     G     T
1    28.7207 13.703 21.0651 36.5112
2    21.9872 14.5918 7.69416 55.7268
3    11.8816 7.65217 7.13484 73.3314
4    7.06817 8.21204 6.02309 78.6967
5    40.8983 3.93964 30.6027 24.5593
6    96.4659 1.23268 1.32206 0.979404
7    0.082565 1.74339 0.0894416 98.0846
8    32.2598 23.8987 9.24259 34.5989
9    30.0945 22.9735 19.9722 26.9597
XX
CC  program: transfac
CC  matrix.nb: 9
CC  accession: M0107_0.90.txt_1
CC  AC: M0107_0.90.txt_1
CC  id: M0107_0.90.txt_1
CC  name: Arid3b_Arid3a_Arid3c
CC  version: 
CC  name: Arid3b_Arid3a_Arid3c
CC  description: wtttratww
CC  transfac_consensus: 
CC  matrix.nb: 9
XX
//
AC  M0108_0.90.txt_1
XX
ID  Arid5b_Arid5a
XX
DE  yaatwycr
P0       A     C     G     T
1    21.5558 30.5892 19.8985 27.9564
2    49.7422 6.79954 23.0313 20.4269
3    83.5696 6.72398 0.164586 9.54178
4    5.91115 6.21422 1.66004 86.2146
5    54.1038 7.77493 12.8187 25.3025
6    18.8467 31.073 8.55349 41.5268
7    20.5969 31.981 24.659 22.7631
8    29.6771 18.923 30.2766 21.1233
XX
CC  program: transfac
CC  matrix.nb: 10
CC  accession: M0108_0.90.txt_1
CC  AC: M0108_0.90.txt_1
CC  id: M0108_0.90.txt_1
CC  name: Arid5b_Arid5a
CC  version: 
CC  name: Arid5b_Arid5a
CC  description: yaatwycr
CC  transfac_consensus: 
CC  matrix.nb: 10
XX
//
AC  M0109_0.90.txt_1
XX
ID  Arid5b_Arid5a
XX
DE  grwaatattkw
P0       A     C     G     T
1    22.6414 22.6414 32.0759 22.6414
2    36.8385 17.6936 27.7743 17.6936
3    25.7042 14.9621 5.10925 54.2245
4    90.2432 0.0154848 9.72586 0.0154848
5    99.9535 0.0154848 0.0154848 0.0154848
6    0.0154848 0.0154848 0.0154848 99.9535
7    99.9535 0.0154848 0.0154848 0.0154848
8    0.0154848 0.0154848 0.0154848 99.9535
9    2.37413 2.37413 2.37413 92.8776
10   17.7718 7.32192 46.6267 28.2795
11   30.1956 19.9062 19.9062 29.992
XX
CC  program: transfac
CC  matrix.nb: 11
CC  accession: M0109_0.90.txt_1
CC  AC: M0109_0.90.txt_1
CC  id: M0109_0.90.txt_1
CC  name: Arid5b_Arid5a
CC  version: 
CC  name: Arid5b_Arid5a
CC  description: grwaatattkw
CC  transfac_consensus: 
CC  matrix.nb: 11
XX
//
AC  M0110_0.90.txt_1
XX
ID  Arid3b_Arid3a_Arid3c
XX
DE  wtttratwm
P0       A     C     G     T
1    25.2147 20.8515 23.7463 30.1875
2    22.4942 23.8851 14.6327 38.9881
3    17.209 17.7331 16.3697 48.6881
4    16.0789 16.2405 10.9957 56.6849
5    33.1941 11.0494 31.8925 23.864
6    77.9062 7.35592 10.9737 3.76409
7    3.22647 10.6057 2.11994 84.0479
8    28.3413 23.6726 15.7103 32.2758
9    26.004 25.7453 24.0047 24.246
XX
CC  program: transfac
CC  matrix.nb: 12
CC  accession: M0110_0.90.txt_1
CC  AC: M0110_0.90.txt_1
CC  id: M0110_0.90.txt_1
CC  name: Arid3b_Arid3a_Arid3c
CC  version: 
CC  name: Arid3b_Arid3a_Arid3c
CC  description: wtttratwm
CC  transfac_consensus: 
CC  matrix.nb: 12
XX
//
AC  M0111_0.90.txt_1
XX
ID  Arid5b_Arid5a
XX
DE  ryaatwysrv
P0       A     C     G     T
1    25.4993 24.2557 25.4993 24.7457
2    20.4269 32.3578 17.9368 29.2785
3    57.844 5.30023 21.7095 15.1462
4    92.3732 2.02554 2.19424 3.40702
5    1.96062 4.91977 0.0580333 93.0616
6    45.9114 8.81728 12.2646 33.0068
7    10.509 29.4364  7.48 52.5746
8    18.3789 33.1553 25.5644 22.9015
9    31.0905 17.7592 31.7186 19.4317
10   26.378 25.0916 25.5984 22.932
XX
CC  program: transfac
CC  matrix.nb: 13
CC  accession: M0111_0.90.txt_1
CC  AC: M0111_0.90.txt_1
CC  id: M0111_0.90.txt_1
CC  name: Arid5b_Arid5a
CC  version: 
CC  name: Arid5b_Arid5a
CC  description: ryaatwysrv
CC  transfac_consensus: 
CC  matrix.nb: 13
XX
//
AC  M0112_0.90.txt_1
XX
ID  Arid3b_Arid3a_Arid3c
XX
DE  tttratwr
P0       A     C     G     T
1    22.8748 22.1987 14.8803 40.0462
2    18.2465 17.0129 14.6431 50.0975
3    13.8322 18.8592 7.14919 60.1595
4    33.6065 6.0178 42.2972 18.0785
5    97.3889 0.0879235 2.20056 0.322618
6    4.51944 0.0360946 0.0149714 95.4295
7    27.8506 24.4555 11.2105 36.4833
8    30.042 20.3401 26.9126 22.7052
XX
CC  program: transfac
CC  matrix.nb: 14
CC  accession: M0112_0.90.txt_1
CC  AC: M0112_0.90.txt_1
CC  id: M0112_0.90.txt_1
CC  name: Arid3b_Arid3a_Arid3c
CC  version: 
CC  name: Arid3b_Arid3a_Arid3c
CC  description: tttratwr
CC  transfac_consensus: 
CC  matrix.nb: 14
XX
//
AC  M0115_0.90.txt_1
XX
ID  Arid3b_Arid3a_Arid3c
XX
DE  yratyaaa
P0       A     C     G     T
1    24.5252 27.1045 21.5355 26.8348
2    30.832 19.6593 25.4968 24.012
3    94.1882 0.0248548 0.0593262 5.72759
4    5.17629 3.50464 0.0248248 91.2942
5    19.1668 30.9749 8.87446 40.9838
6    56.2171 10.0666 16.2683 17.4479
7    50.2612 15.9145 17.5883 16.236
8    41.6728 14.8775 23.567 19.8827
XX
CC  program: transfac
CC  matrix.nb: 15
CC  accession: M0115_0.90.txt_1
CC  AC: M0115_0.90.txt_1
CC  id: M0115_0.90.txt_1
CC  name: Arid3b_Arid3a_Arid3c
CC  version: 
CC  name: Arid3b_Arid3a_Arid3c
CC  description: yratyaaa
CC  transfac_consensus: 
CC  matrix.nb: 15
XX
//
AC  M0119_0.90.txt_1
XX
ID  Zfp957
XX
DE  ssrrwaawt
P0       A     C     G     T
1    24.1564 26.697 26.1683 22.9783
2    20.939 30.6188 25.0685 23.3737
3    34.5181 18.2011 30.3102 16.9706
4    32.972 17.9153 25.1701 23.9426
5    41.1309 4.29202 20.2217 34.3554
6    71.0467 4.77473 0.0514748 24.1271
7    88.6835 0.0920958 4.50449 6.7199
8    45.4667 0.977243 3.80753 49.7485
9    21.2559 17.7544 9.74383 51.2458
XX
CC  program: transfac
CC  matrix.nb: 16
CC  accession: M0119_0.90.txt_1
CC  AC: M0119_0.90.txt_1
CC  id: M0119_0.90.txt_1
CC  name: Zfp957
CC  version: 
CC  name: Zfp957
CC  description: ssrrwaawt
CC  transfac_consensus: 
CC  matrix.nb: 16
XX
//
AC  M0122_0.90.txt_1
XX
ID  Setbp1_Ahctf1_Phf21a
XX
DE  rcawwwwar
P0       A     C     G     T
1    37.4501 13.7771 37.8264 10.9464
2    22.6206 27.6289 24.9996 24.7509
3    60.6765 5.67208 23.0014 10.65
4    42.8552 11.1098 20.042 25.993
5    47.592 4.67704 20.546 27.185
6    40.0042 9.96406 15.9424 34.0893
7    33.7415 20.2616 11.5736 34.4232
8    54.6503 7.24966 22.4425 15.6576
9    46.2607 4.07264 31.9538 17.7129
XX
CC  program: transfac
CC  matrix.nb: 17
CC  accession: M0122_0.90.txt_1
CC  AC: M0122_0.90.txt_1
CC  id: M0122_0.90.txt_1
CC  name: Setbp1_Ahctf1_Phf21a
CC  version: 
CC  name: Setbp1_Ahctf1_Phf21a
CC  description: rcawwwwar
CC  transfac_consensus: 
CC  matrix.nb: 17
XX
//
AC  M0123_0.90.txt_1
XX
ID  Hmga1_Hmga2_Hmga1-rs1
XX
DE  ccsrrhwww
P0       A     C     G     T
1    24.5292 27.3814 24.2851 23.8043
2    23.7806 29.3376 24.261 22.6208
3    21.6345 25.1357 29.7935 23.4364
4    25.863 24.1145 26.3855 23.637
5    50.2489 0.0516631 41.1403 8.55905
6    35.3817 29.5533 0.0353024 35.0297
7    36.0997 11.4305 18.4725 33.9974
8    35.5533 12.1951 20.7186 31.533
9    33.8774 18.0428 20.3432 27.7365
XX
CC  program: transfac
CC  matrix.nb: 18
CC  accession: M0123_0.90.txt_1
CC  AC: M0123_0.90.txt_1
CC  id: M0123_0.90.txt_1
CC  name: Hmga1_Hmga2_Hmga1-rs1
CC  version: 
CC  name: Hmga1_Hmga2_Hmga1-rs1
CC  description: ccsrrhwww
CC  transfac_consensus: 
CC  matrix.nb: 18
XX
//
AC  M0124_0.90.txt_1
XX
ID  Setbp1_Ahctf1_Phf21a
XX
DE  garkmmwwww
P0       A     C     G     T
1    16.758 10.5791 59.0791 13.5838
2    56.6353 16.7205 11.6655 14.9788
3    27.8495 14.2508 40.3187 17.5809
4    19.8637 13.7205 39.6026 26.8132
5    27.7415 41.3854 8.61004 22.2631
6    36.1836 29.6246 14.1343 20.0575
7    47.7449 4.12008 21.6688 26.4663
8    56.0915 1.53263 7.66745 34.7085
9    65.1345 0.215769 3.8824 30.7673
10   71.2595 2.93389 0.366531 25.4401
XX
CC  program: transfac
CC  matrix.nb: 19
CC  accession: M0124_0.90.txt_1
CC  AC: M0124_0.90.txt_1
CC  id: M0124_0.90.txt_1
CC  name: Setbp1_Ahctf1_Phf21a
CC  version: 
CC  name: Setbp1_Ahctf1_Phf21a
CC  description: garkmmwwww
CC  transfac_consensus: 
CC  matrix.nb: 19
XX
//
AC  M0125_0.90.txt_1
XX
ID  Setbp1_Ahctf1_Phf21a
XX
DE  mkrawarh
P0       A     C     G     T
1    37.7279 27.1235 19.4997 15.6489
2    24.75 20.2636 27.0808 27.9056
3    34.3177 17.7371 25.1702 22.7749
4    34.0293 17.7648 24.4645 23.7414
5    34.6936 15.4337 21.4679 28.4048
6    57.6007 3.33187 17.8773 21.1901
7    73.2846 0.000129006 26.6916 0.0236203
8    25.3553 25.8675 6.12874 42.6484
XX
CC  program: transfac
CC  matrix.nb: 20
CC  accession: M0125_0.90.txt_1
CC  AC: M0125_0.90.txt_1
CC  id: M0125_0.90.txt_1
CC  name: Setbp1_Ahctf1_Phf21a
CC  version: 
CC  name: Setbp1_Ahctf1_Phf21a
CC  description: mkrawarh
CC  transfac_consensus: 
CC  matrix.nb: 20
XX
//
AC  M0126_0.90.txt_1
XX
ID  Setbp1_Ahctf1_Phf21a
XX
DE  aaarwaww
P0       A     C     G     T
1    42.1032 21.3302 21.9798 14.5869
2    36.1549 21.0692 21.281 21.4949
3    39.9952 12.9198 23.3071 23.7779
4    40.7012 8.13567 26.4765 24.6866
5    28.7986 14.301 13.0701 43.8304
6    78.0909 0.0177366 13.9834 7.90798
7    56.2556 0.0620326 17.6353 26.0471
8    41.7051 9.30567 11.2529 37.7363
XX
CC  program: transfac
CC  matrix.nb: 21
CC  accession: M0126_0.90.txt_1
CC  AC: M0126_0.90.txt_1
CC  id: M0126_0.90.txt_1
CC  name: Setbp1_Ahctf1_Phf21a
CC  version: 
CC  name: Setbp1_Ahctf1_Phf21a
CC  description: aaarwaww
CC  transfac_consensus: 
CC  matrix.nb: 21
XX
//
AC  M0127_0.90.txt_1
XX
ID  Setbp1_Ahctf1_Phf21a
XX
DE  wwawawat
P0       A     C     G     T
1    72.3485 0.0344353 0.0344353 27.5826
2    72.1698 0.0277469 0.0277469 27.7747
3    75.621 0.0269978 0.0269978 24.3251
4    64.8218 0.0269978 0.0269978 35.1242
5    86.4201 0.0269978 0.0269978 13.5259
6    32.4244 0.0269978 0.0269978 67.5216
7    89.1199 0.0269978 0.0269978 10.8261
8    6.27341 0.031211 0.031211 93.6642
XX
CC  program: transfac
CC  matrix.nb: 22
CC  accession: M0127_0.90.txt_1
CC  AC: M0127_0.90.txt_1
CC  id: M0127_0.90.txt_1
CC  name: Setbp1_Ahctf1_Phf21a
CC  version: 
CC  name: Setbp1_Ahctf1_Phf21a
CC  description: wwawawat
CC  transfac_consensus: 
CC  matrix.nb: 22
XX
//
AC  M0128_0.90.txt_1
XX
ID  Setbp1_Ahctf1_Phf21a
XX
DE  aaaawaaa
P0       A     C     G     T
1    99.0132 0.328947 0.328947 0.328947
2    99.2574 0.247525 0.247525 0.247525
3    99.2574 0.247525 0.247525 0.247525
4    99.2574 0.247525 0.247525 0.247525
5       25 0.247525 0.247525 74.505
6    99.2574 0.247525 0.247525 0.247525
7    99.2574 0.247525 0.247525 0.247525
8    99.0132 0.328947 0.328947 0.328947
XX
CC  program: transfac
CC  matrix.nb: 23
CC  accession: M0128_0.90.txt_1
CC  AC: M0128_0.90.txt_1
CC  id: M0128_0.90.txt_1
CC  name: Setbp1_Ahctf1_Phf21a
CC  version: 
CC  name: Setbp1_Ahctf1_Phf21a
CC  description: aaaawaaa
CC  transfac_consensus: 
CC  matrix.nb: 23
XX
//
AC  M0129_0.90.txt_1
XX
ID  Setbp1_Ahctf1_Phf21a
XX
DE  wwwhwwdwww
P0       A     C     G     T
1    31.4753 17.358 11.9888 39.1779
2    39.8793 10.259 14.6381 35.2236
3    37.7309 14.6069 18.1421 29.5201
4    26.9905 27.2333 6.21234 39.5639
5    32.3521 17.1271 19.3764 31.1444
6    31.1444 19.3764 17.1271 32.3521
7    39.5639 6.21234 27.2333 26.9905
8    29.5201 18.1421 14.6069 37.7309
9    35.2236 14.6381 10.259 39.8793
10   39.1779 11.9888 17.358 31.4753
XX
CC  program: transfac
CC  matrix.nb: 24
CC  accession: M0129_0.90.txt_1
CC  AC: M0129_0.90.txt_1
CC  id: M0129_0.90.txt_1
CC  name: Setbp1_Ahctf1_Phf21a
CC  version: 
CC  name: Setbp1_Ahctf1_Phf21a
CC  description: wwwhwwdwww
CC  transfac_consensus: 
CC  matrix.nb: 24
XX
//
AC  M0130_0.90.txt_1
XX
ID  Setbp1_Ahctf1_Phf21a
XX
DE  raardwrw
P0       A     C     G     T
1    27.2331 23.2065 25.6472 23.9132
2    29.0589 22.8585 24.7623 23.3203
3    32.8743 20.5465 23.8717 22.7074
4    32.1069 19.0882 25.2562 23.5487
5    31.252 15.9919 25.587 27.1692
6    44.8771 14.0683 9.43029 31.6243
7    71.6851 0.0111344 28.2836 0.0200863
8    33.7735 15.9535 9.02208 41.251
XX
CC  program: transfac
CC  matrix.nb: 25
CC  accession: M0130_0.90.txt_1
CC  AC: M0130_0.90.txt_1
CC  id: M0130_0.90.txt_1
CC  name: Setbp1_Ahctf1_Phf21a
CC  version: 
CC  name: Setbp1_Ahctf1_Phf21a
CC  description: raardwrw
CC  transfac_consensus: 
CC  matrix.nb: 25
XX
//
AC  M0131_0.90.txt_1
XX
ID  Setbp1_Ahctf1_Phf21a
XX
DE  yrhwwwwdyr
P0       A     C     G     T
1    21.5163 32.3274 19.4792 26.6771
2    28.9484 10.0082 39.3882 21.6552
3    28.6614 28.8427 17.0297 25.4662
4    40.4746 15.9463 16.726 26.8531
5    42.052 15.1365 15.7426 27.0689
6    27.0689 15.7426 15.1365 42.052
7    26.8531 16.726 15.9463 40.4746
8    25.4662 17.0297 28.8427 28.6614
9    21.6552 39.3882 10.0082 28.9484
10   26.6771 19.4792 32.3274 21.5163
XX
CC  program: transfac
CC  matrix.nb: 26
CC  accession: M0131_0.90.txt_1
CC  AC: M0131_0.90.txt_1
CC  id: M0131_0.90.txt_1
CC  name: Setbp1_Ahctf1_Phf21a
CC  version: 
CC  name: Setbp1_Ahctf1_Phf21a
CC  description: yrhwwwwdyr
CC  transfac_consensus: 
CC  matrix.nb: 26
XX
//
AC  M0132_0.90.txt_1
XX
ID  Setbp1_Ahctf1_Phf21a
XX
DE  aaawaaat
P0       A     C     G     T
1       75 8.33333 8.33333 8.33333
2       80 6.66667 6.66667 6.66667
3    73.3333 6.66667 6.66667 13.3333
4    26.6667 6.66667 6.66667    60
5    73.3333 6.66667 6.66667 13.3333
6    66.6667 6.66667 6.66667    20
7    69.2308 7.69231 7.69231 15.3846
8    16.6667 8.33333 8.33333 66.6667
XX
CC  program: transfac
CC  matrix.nb: 27
CC  accession: M0132_0.90.txt_1
CC  AC: M0132_0.90.txt_1
CC  id: M0132_0.90.txt_1
CC  name: Setbp1_Ahctf1_Phf21a
CC  version: 
CC  name: Setbp1_Ahctf1_Phf21a
CC  description: aaawaaat
CC  transfac_consensus: 
CC  matrix.nb: 27
XX
//
AC  M0133_0.90.txt_1
XX
ID  Hmga1_Hmga2_Hmga1-rs1
XX
DE  smgsrwwwww
P0       A     C     G     T
1    23.7374 26.4976 26.4976 23.2674
2    25.4916 27.8923 22.609 24.0071
3    23.484 23.7201 30.4572 22.3387
4    20.1961 28.6597 26.7221 24.4221
5    60.1325 0.0225178 32.0261 7.81895
6    46.6521 18.4067 0.0331311 34.908
7    39.1854 7.01678 6.41286 47.3849
8    43.512 8.35647 7.56125 40.5703
9    37.6315 16.0843 16.0843  30.2
10   30.3804 23.6603 16.1804 29.7789
XX
CC  program: transfac
CC  matrix.nb: 28
CC  accession: M0133_0.90.txt_1
CC  AC: M0133_0.90.txt_1
CC  id: M0133_0.90.txt_1
CC  name: Hmga1_Hmga2_Hmga1-rs1
CC  version: 
CC  name: Hmga1_Hmga2_Hmga1-rs1
CC  description: smgsrwwwww
CC  transfac_consensus: 
CC  matrix.nb: 28
XX
//
AC  M0134_0.90.txt_1
XX
ID  Setbp1_Ahctf1_Phf21a
XX
DE  araatatwaatt
P0       A     C     G     T
1    31.9241 22.692 22.692 22.692
2    29.5675 20.3353 29.7619 20.3353
3    44.7891 15.3263 15.3263 24.5584
4    75.9501 8.01664 8.01664 8.01664
5    23.4882 0.0164217 0.0164217 76.479
6    81.9787 0.0164217 0.0164217 17.9884
7    9.61328 0.0164217 9.945 80.4253
8    40.7905 0.0164217 0.0164217 59.1766
9    83.6001 11.751 2.32446 2.32446
10   85.9567 4.6811 4.6811 4.6811
11   9.69017 9.69017 9.69017 70.9295
12   16.9998 16.9998 16.9998 49.0007
XX
CC  program: transfac
CC  matrix.nb: 29
CC  accession: M0134_0.90.txt_1
CC  AC: M0134_0.90.txt_1
CC  id: M0134_0.90.txt_1
CC  name: Setbp1_Ahctf1_Phf21a
CC  version: 
CC  name: Setbp1_Ahctf1_Phf21a
CC  description: araatatwaatt
CC  transfac_consensus: 
CC  matrix.nb: 29
XX
//
AC  M0135_0.90.txt_1
XX
ID  Hmga1_Hmga2_Hmga1-rs1
XX
DE  mrrdwwww
P0       A     C     G     T
1    29.5752 28.9896 22.5771 18.858
2    25.6034 24.8467 26.3831 23.1669
3    36.9207 13.996 27.3515 21.7317
4    33.4398 13.3264 25.0218 28.212
5    40.8108 8.15758 17.6185 33.4131
6    71.6329 0.214715 0.170598 27.9818
7    60.4747 0.0299635 13.9047 25.5906
8    27.0214 13.5533 7.66473 51.7606
XX
CC  program: transfac
CC  matrix.nb: 30
CC  accession: M0135_0.90.txt_1
CC  AC: M0135_0.90.txt_1
CC  id: M0135_0.90.txt_1
CC  name: Hmga1_Hmga2_Hmga1-rs1
CC  version: 
CC  name: Hmga1_Hmga2_Hmga1-rs1
CC  description: mrrdwwww
CC  transfac_consensus: 
CC  matrix.nb: 30
XX
//
AC  M0136_0.90.txt_1
XX
ID  Setbp1_Ahctf1_Phf21a
XX
DE  wwawwwaww
P0       A     C     G     T
1    35.3239 18.4407 20.585 25.6504
2    29.1909 20.986 17.8831 31.9399
3    47.9754 15.3435 20.7115 15.9696
4    35.3839 15.7408 19.6143 29.261
5    43.2302 7.07479 19.2313 30.4638
6    38.9749 10.0033 6.1899 44.8318
7    86.2322 0.0496401 8.47435 5.24379
8    51.9591 3.38873 8.76228 35.8899
9    36.5816 9.29563 8.08123 46.0416
XX
CC  program: transfac
CC  matrix.nb: 31
CC  accession: M0136_0.90.txt_1
CC  AC: M0136_0.90.txt_1
CC  id: M0136_0.90.txt_1
CC  name: Setbp1_Ahctf1_Phf21a
CC  version: 
CC  name: Setbp1_Ahctf1_Phf21a
CC  description: wwawwwaww
CC  transfac_consensus: 
CC  matrix.nb: 31
XX
//
AC  M0140_0.90.txt_1
XX
ID  Hmga2
XX
DE  crawwwwtyg
P0       A     C     G     T
1    20.1025 30.7957 24.4501 24.6517
2    32.1984 16.6011 32.0153 19.1852
3    41.4247 18.8211 19.264 20.4903
4    43.151 6.44326 10.0297 40.376
5    42.3723 4.7936 0.00488794 52.8292
6    52.8292 0.00488794 4.7936 42.3723
7    40.376 10.0297 6.44326 43.151
8    20.4903 19.264 18.8211 41.4247
9    19.1852 32.0153 16.6011 32.1984
10   24.6517 24.4501 30.7957 20.1025
XX
CC  program: transfac
CC  matrix.nb: 32
CC  accession: M0140_0.90.txt_1
CC  AC: M0140_0.90.txt_1
CC  id: M0140_0.90.txt_1
CC  name: Hmga2
CC  version: 
CC  name: Hmga2
CC  description: crawwwwtyg
CC  transfac_consensus: 
CC  matrix.nb: 32
XX
//
AC  M0145_0.90.txt_1
XX
ID  Setbp1_Ahctf1_Phf21a
XX
DE  mdrawart
P0       A     C     G     T
1    31.8198 26.3137 21.979 19.8875
2    25.6386 20.168 26.4194 27.774
3    32.2138 19.5387 25.0882 23.1593
4    33.0083 19.0441 23.4943 24.4532
5    35.3662 15.5764 21.2373 27.8201
6    54.031 7.23955 15.6357 23.0937
7    70.8523 0.00976059 29.0959 0.0420287
8    21.6909 22.8031 10.0432 45.4628
XX
CC  program: transfac
CC  matrix.nb: 33
CC  accession: M0145_0.90.txt_1
CC  AC: M0145_0.90.txt_1
CC  id: M0145_0.90.txt_1
CC  name: Setbp1_Ahctf1_Phf21a
CC  version: 
CC  name: Setbp1_Ahctf1_Phf21a
CC  description: mdrawart
CC  transfac_consensus: 
CC  matrix.nb: 33
XX
//
AC  M0146_0.90.txt_1
XX
ID  Setbp1_Ahctf1_Phf21a
XX
DE  aaawtaat
P0       A     C     G     T
1    83.9058 0.0399361 12.0208 4.03355
2    88.161 0.0293772 0.0293772 11.7803
3    83.2686 0.0277469 0.0277469 16.6759
4    69.3951 0.0277469 0.0277469 30.5494
5    16.6759 0.0277469 0.0277469 83.2686
6    83.2686 0.0277469 0.0277469 16.6759
7    76.4101 2.9671 0.0293772 20.5934
8    18.5281 3.73521 0.0369822 77.6997
XX
CC  program: transfac
CC  matrix.nb: 34
CC  accession: M0146_0.90.txt_1
CC  AC: M0146_0.90.txt_1
CC  id: M0146_0.90.txt_1
CC  name: Setbp1_Ahctf1_Phf21a
CC  version: 
CC  name: Setbp1_Ahctf1_Phf21a
CC  description: aaawtaat
CC  transfac_consensus: 
CC  matrix.nb: 34
XX
//
AC  M0168_0.90.txt_1
XX
ID  Myf5_Myod1_Myog_Myf6
XX
DE  gacagctg
P0       A     C     G     T
1        0     0   100     0
2      100     0     0     0
3        0   100     0     0
4      100     0     0     0
5        0     0   100     0
6        0   100     0     0
7        0     0     0   100
8        0     0   100     0
XX
CC  program: transfac
CC  matrix.nb: 35
CC  accession: M0168_0.90.txt_1
CC  AC: M0168_0.90.txt_1
CC  id: M0168_0.90.txt_1
CC  name: Myf5_Myod1_Myog_Myf6
CC  version: 
CC  name: Myf5_Myod1_Myog_Myf6
CC  description: gacagctg
CC  transfac_consensus: 
CC  matrix.nb: 35
XX
//
AC  M0172_0.90.txt_1
XX
ID  Tcfe3_Tcfeb_Tcfec_Mitf
XX
DE  ccwcgtgayy
P0       A     C     G     T
1    19.6384 34.726 22.5896 23.0459
2    6.47501 86.3104 3.62535 3.58927
3    38.756 11.5569 24.2226 25.4645
4    1.44081 79.4559 3.99563 15.1077
5    21.7483 6.8178 70.7771 0.656742
6    5.1181 1.23712 4.27499 89.3698
7    0.0371359 0.176723 99.1693 0.616824
8    75.2255 8.33522 9.12018 7.31912
9    5.84131 48.1806 6.92374 39.0544
10   21.8559 31.6415 18.439 28.0635
XX
CC  program: transfac
CC  matrix.nb: 36
CC  accession: M0172_0.90.txt_1
CC  AC: M0172_0.90.txt_1
CC  id: M0172_0.90.txt_1
CC  name: Tcfe3_Tcfeb_Tcfec_Mitf
CC  version: 
CC  name: Tcfe3_Tcfeb_Tcfec_Mitf
CC  description: ccwcgtgayy
CC  transfac_consensus: 
CC  matrix.nb: 36
XX
//
AC  M0173_0.90.txt_1
XX
ID  Mnt
XX
DE  rcacgtgya
P0       A     C     G     T
1    27.1089 21.7554 32.7814 18.3543
2    13.4356 78.8785 0.163312 7.52258
3    73.7513 0.329789 22.6622 3.25665
4    0.0380394 85.7013 9.40149 4.85917
5    17.6069 0.0346759 80.5027 1.85575
6    14.0331 5.93827 0.0774144 79.9512
7    10.5506 4.74067 78.7422 5.96661
8    18.7233 32.7785 22.1929 26.3053
9    29.2601 22.3365 24.6857 23.7177
XX
CC  program: transfac
CC  matrix.nb: 37
CC  accession: M0173_0.90.txt_1
CC  AC: M0173_0.90.txt_1
CC  id: M0173_0.90.txt_1
CC  name: Mnt
CC  version: 
CC  name: Mnt
CC  description: rcacgtgya
CC  transfac_consensus: 
CC  matrix.nb: 37
XX
//
AC  M0174_0.90.txt_1
XX
ID  Tcfap4
XX
DE  mcakmtgdt
P0       A     C     G     T
1    27.3464 42.4609 18.1484 12.0442
2    9.7576 82.9341 3.92767 3.38058
3    66.2486 5.60363 19.9537 8.1941
4    4.32903 20.8081 46.7748 28.088
5    29.9713 47.0043 21.5471 1.47733
6    0.43967 7.23021 1.5656 90.7645
7    0.0715475 0.017122 99.7439 0.167396
8    37.8736 8.20099 27.5019 26.4235
9    11.8253 22.8795 17.8185 47.4767
XX
CC  program: transfac
CC  matrix.nb: 38
CC  accession: M0174_0.90.txt_1
CC  AC: M0174_0.90.txt_1
CC  id: M0174_0.90.txt_1
CC  name: Tcfap4
CC  version: 
CC  name: Tcfap4
CC  description: mcakmtgdt
CC  transfac_consensus: 
CC  matrix.nb: 38
XX
//
AC  M0175_0.90.txt_1
XX
ID  Twist2_Tal2_Twist1_Tcf15
XX
DE  macatatgky
P0       A     C     G     T
1    36.5483 27.2271 18.1123 18.1123
2    74.4728 15.4736 5.02683 5.02683
3    0.0139305 99.9582 0.0139305 0.0139305
4    99.9582 0.0139305 0.0139305 0.0139305
5    0.0139305 21.0614 0.0139305 78.9108
6    78.2721 0.0139305 21.7001 0.0139305
7    0.0139305 0.0139305 0.0139305 99.9582
8    0.0139305 0.0139305 99.9582 0.0139305
9    6.90164 6.90164 57.9511 28.2456
10   19.9871 29.843 19.9871 30.1828
XX
CC  program: transfac
CC  matrix.nb: 39
CC  accession: M0175_0.90.txt_1
CC  AC: M0175_0.90.txt_1
CC  id: M0175_0.90.txt_1
CC  name: Twist2_Tal2_Twist1_Tcf15
CC  version: 
CC  name: Twist2_Tal2_Twist1_Tcf15
CC  description: macatatgky
CC  transfac_consensus: 
CC  matrix.nb: 39
XX
//
AC  M0176_0.90.txt_1
XX
ID  Ascl2_Ascl1
XX
DE  rrcagctgyy
P0       A     C     G     T
1    31.5548 18.1281 30.4969 19.8202
2    34.2567 21.565 32.9096 11.2687
3    3.62955 95.6859 2.51998e-09 0.684525
4    88.7445 2.60361 5.20401 3.44795
5    2.23128 23.3167 58.2932 16.1589
6    16.1589 58.2932 23.3167 2.23128
7    3.44795 5.20401 2.60361 88.7445
8    0.684525 2.51998e-09 95.6859 3.62955
9    11.2687 32.9096 21.565 34.2567
10   19.8202 30.4969 18.1281 31.5548
XX
CC  program: transfac
CC  matrix.nb: 40
CC  accession: M0176_0.90.txt_1
CC  AC: M0176_0.90.txt_1
CC  id: M0176_0.90.txt_1
CC  name: Ascl2_Ascl1
CC  version: 
CC  name: Ascl2_Ascl1
CC  description: rrcagctgyy
CC  transfac_consensus: 
CC  matrix.nb: 40
XX
//
AC  M0177_0.90.txt_1
XX
ID  Arnt_Arnt2_Arntl
XX
DE  awkcacgtgayt
P0       A     C     G     T
1    30.8919 23.036 23.036 23.036
2    34.1568 17.1125 17.1125 31.6182
3    6.8338 6.8338 59.8151 26.5173
4    1.90509 86.4288 1.90509 9.76098
5    99.9459 0.018045 0.018045 0.018045
6    14.7433 85.2206 0.018045 0.018045
7    7.19511 0.018045 77.3647 15.4221
8    0.018045 0.018045 0.018045 99.9459
9    9.15908 1.98202 79.3287 9.53021
10   63.294 20.8948 7.90558 7.90558
11   18.1842 29.4572 18.1842 34.1743
12   23.113 23.113 23.113 30.6611
XX
CC  program: transfac
CC  matrix.nb: 41
CC  accession: M0177_0.90.txt_1
CC  AC: M0177_0.90.txt_1
CC  id: M0177_0.90.txt_1
CC  name: Arnt_Arnt2_Arntl
CC  version: 
CC  name: Arnt_Arnt2_Arntl
CC  description: awkcacgtgayt
CC  transfac_consensus: 
CC  matrix.nb: 41
XX
//
AC  M0178_0.90.txt_1
XX
ID  Arnt_Arnt2_Arntl
XX
DE  atkcayrtgm
P0       A     C     G     T
1    44.1686 23.5875 16.122 16.122
2    19.1879 18.7982 22.5189 39.495
3    0.0211099 0.0211099 26.5877 73.3701
4    14.1244 70.8098 0.0211099 15.0448
5    92.9873 0.0211099 6.97052 0.0211099
6    0.0211099 49.6749 0.0211099 50.2828
7    36.2577 0.0211099 56.6244 7.09686
8    0.0211099 0.0211099 7.09686 92.8609
9    15.7008 8.89914 66.5009 8.89914
10   33.0549 40.3477 13.2987 13.2987
XX
CC  program: transfac
CC  matrix.nb: 42
CC  accession: M0178_0.90.txt_1
CC  AC: M0178_0.90.txt_1
CC  id: M0178_0.90.txt_1
CC  name: Arnt_Arnt2_Arntl
CC  version: 
CC  name: Arnt_Arnt2_Arntl
CC  description: atkcayrtgm
CC  transfac_consensus: 
CC  matrix.nb: 42
XX
//
AC  M0179_0.90.txt_1
XX
ID  Mlx
XX
DE  cacgtgmym
P0       A     C     G     T
1    12.4649 76.9317 5.38123 5.22219
2    77.6553 11.2715 1.27415 9.799
3    0.0987198 92.2526 7.64866     0
4    20.1004 6.02699e-06 79.8969     0
5    0.000425368 11.1055 1.66591e-05 88.894
6    0.0349006 0.00711713 99.9579     0
7    33.5047 25.8338 19.721 20.9405
8     23.3 26.5347 16.0941 34.0712
9    27.3742 32.7729 18.5339 21.319
XX
CC  program: transfac
CC  matrix.nb: 43
CC  accession: M0179_0.90.txt_1
CC  AC: M0179_0.90.txt_1
CC  id: M0179_0.90.txt_1
CC  name: Mlx
CC  version: 
CC  name: Mlx
CC  description: cacgtgmym
CC  transfac_consensus: 
CC  matrix.nb: 43
XX
//
AC  M0180_0.90.txt_1
XX
ID  Mlx
XX
DE  scacgtgmym
P0       A     C     G     T
1    21.349 31.532 29.1077 18.0114
2    12.0917 70.9888 7.40772 9.5117
3    53.2339 9.25067 24.648 12.8674
4    1.85936 87.3768 2.91605 7.84777
5    21.4454 5.08101 73.3697 0.103883
6    1.84679 0.00345978 5.07056 93.0792
7    0.00566439 0.00698803 97.1682 2.81917
8    35.7783 27.0406 19.0552 18.1259
9    21.5087 28.4589 15.6186 34.4139
10   25.328 34.8799 18.2089 21.5831
XX
CC  program: transfac
CC  matrix.nb: 44
CC  accession: M0180_0.90.txt_1
CC  AC: M0180_0.90.txt_1
CC  id: M0180_0.90.txt_1
CC  name: Mlx
CC  version: 
CC  name: Mlx
CC  description: scacgtgmym
CC  transfac_consensus: 
CC  matrix.nb: 44
XX
//
AC  M0181_0.90.txt_1
XX
ID  Hey2_Heyl_Hey1
XX
DE  rcacgtgtc
P0       A     C     G     T
1    27.374 10.8005 52.436 9.38951
2    2.03781 96.7255 0.204309 1.03239
3    82.5043 1.16515 14.6267 1.70378
4    1.27606 90.3576 2.92641 5.43998
5    5.72751 1.4848 91.4033 1.38442
6    2.67881 15.885 1.16809 80.2681
7    4.60201 5.0354 85.3272 5.0354
8    18.9179 21.9795 21.7608 37.3417
9    14.5701 58.4966 14.1394 12.7939
XX
CC  program: transfac
CC  matrix.nb: 45
CC  accession: M0181_0.90.txt_1
CC  AC: M0181_0.90.txt_1
CC  id: M0181_0.90.txt_1
CC  name: Hey2_Heyl_Hey1
CC  version: 
CC  name: Hey2_Heyl_Hey1
CC  description: rcacgtgtc
CC  transfac_consensus: 
CC  matrix.nb: 45
XX
//
AC  M0182_0.90.txt_1
XX
ID  Tcf3_Tcf12_Tcf4
XX
DE  rcacctgbd
P0       A     C     G     T
1    35.8832 23.3424 34.4762 6.29823
2    0.455963 98.9542 0.0808352 0.508982
3    95.8089 0.0290818 3.98428 0.177703
4    0.98233 78.4273 11.2703 9.32009
5    0.799282 85.2816 13.4094 0.509645
6    1.54484 0.774853 0.660286 97.02
7    0.260953 0.362978 98.1588 1.21724
8    8.87274 39.3692 25.1029 26.6552
9    26.7667 20.2299 26.2367 26.7667
XX
CC  program: transfac
CC  matrix.nb: 46
CC  accession: M0182_0.90.txt_1
CC  AC: M0182_0.90.txt_1
CC  id: M0182_0.90.txt_1
CC  name: Tcf3_Tcf12_Tcf4
CC  version: 
CC  name: Tcf3_Tcf12_Tcf4
CC  description: rcacctgbd
CC  transfac_consensus: 
CC  matrix.nb: 46
XX
//
AC  M0183_0.90.txt_1
XX
ID  Tcf3_Tcf12_Tcf4
XX
DE  scaggtgykm
P0       A     C     G     T
1    24.3429 30.638 33.8602 11.1589
2    6.56145 91.947 0.853177 0.638401
3    89.9229 3.06165 3.34997 3.66546
4    6.41956 21.1016 70.7639 1.71489
5    17.014 14.644 68.3085 0.0335082
6    4.88691 2.68199 0.910793 91.5203
7    6.69592 1.12919 89.2551 2.91975
8    9.15354 31.6311 23.9063 35.3091
9    21.8368 20.9806 25.8833 31.2993
10   26.0006 28.7351 21.5015 23.7628
XX
CC  program: transfac
CC  matrix.nb: 47
CC  accession: M0183_0.90.txt_1
CC  AC: M0183_0.90.txt_1
CC  id: M0183_0.90.txt_1
CC  name: Tcf3_Tcf12_Tcf4
CC  version: 
CC  name: Tcf3_Tcf12_Tcf4
CC  description: scaggtgykm
CC  transfac_consensus: 
CC  matrix.nb: 47
XX
//
AC  M0184_0.90.txt_1
XX
ID  Tcf3_Tcf12_Tcf4
XX
DE  vcaggtgb
P0       A     C     G     T
1    25.8484 29.7327 32.209 12.2099
2    2.13367 97.3045 0.300546 0.261282
3    93.9038 3.16537 1.75465 1.17618
4    0.688338 18.6627 80.3606 0.28838
5    20.3145 13.8923 65.4532 0.340049
6    0.42431 0.692607 0.121567 98.7615
7    0.330192 0.0974827 98.6837 0.888625
8    11.7426 31.9197 25.3613 30.9764
XX
CC  program: transfac
CC  matrix.nb: 48
CC  accession: M0184_0.90.txt_1
CC  AC: M0184_0.90.txt_1
CC  id: M0184_0.90.txt_1
CC  name: Tcf3_Tcf12_Tcf4
CC  version: 
CC  name: Tcf3_Tcf12_Tcf4
CC  description: vcaggtgb
CC  transfac_consensus: 
CC  matrix.nb: 48
XX
//
AC  M0185_0.90.txt_1
XX
ID  Srebf1_Srebf2
XX
DE  rtsrsgtgay
P0       A     C     G     T
1    39.3016 15.1995 36.2799 9.21898
2    11.7172 11.835 6.96614 69.4816
3    12.8123 47.962 32.7993 6.42636
4    39.7372 0.270438 46.632 13.3603
5    0.028771 48.5023 31.5512 19.9177
6    21.2693 13.9749 57.816 6.93975
7    9.90095 16.0007 0.204463 73.8939
8    5.54499 2.5674 84.1747 7.7129
9    57.8926 7.30522 14.1341 20.6681
10   10.1129 26.1489 14.6407 49.0975
XX
CC  program: transfac
CC  matrix.nb: 49
CC  accession: M0185_0.90.txt_1
CC  AC: M0185_0.90.txt_1
CC  id: M0185_0.90.txt_1
CC  name: Srebf1_Srebf2
CC  version: 
CC  name: Srebf1_Srebf2
CC  description: rtsrsgtgay
CC  transfac_consensus: 
CC  matrix.nb: 49
XX
//
AC  M0186_0.90.txt_1
XX
ID  Srebf1_Srebf2
XX
DE  tcrsgtgay
P0       A     C     G     T
1    19.0879 15.7849 9.47877 55.6484
2    17.0856 53.9597 21.9384 7.01631
3    41.9429 0.00212562 44.0934 13.9616
4    6.90441 46.6261 30.6355 15.834
5    21.318 14.4335 61.5315 2.71706
6    9.82556 19.0104 2.13382e-05 71.164
7    0.00689914 9.71471 81.748 8.53044
8    64.3168 6.01238 13.6511 16.0197
9    0.141579 31.6616 11.0796 57.1172
XX
CC  program: transfac
CC  matrix.nb: 50
CC  accession: M0186_0.90.txt_1
CC  AC: M0186_0.90.txt_1
CC  id: M0186_0.90.txt_1
CC  name: Srebf1_Srebf2
CC  version: 
CC  name: Srebf1_Srebf2
CC  description: tcrsgtgay
CC  transfac_consensus: 
CC  matrix.nb: 50
XX
//
AC  M0187_0.90.txt_1
XX
ID  Id3_Id2_Id4_Id1
XX
DE  rcacgtgr
P0       A     C     G     T
1    27.7716 16.6851 49.9446 5.59867
2    0.0369822 99.8891 0.0369822 0.0369822
3    99.9001 0.0332889 0.0332889 0.0332889
4    0.0332889 99.9001 0.0332889 0.0332889
5    0.0332889 0.0332889 99.9001 0.0332889
6    0.0332889 0.0332889 0.0332889 99.9001
7    0.0344353 0.0344353 99.8967 0.0344353
8    49.9546 4.58258 27.2686 18.1942
XX
CC  program: transfac
CC  matrix.nb: 51
CC  accession: M0187_0.90.txt_1
CC  AC: M0187_0.90.txt_1
CC  id: M0187_0.90.txt_1
CC  name: Id3_Id2_Id4_Id1
CC  version: 
CC  name: Id3_Id2_Id4_Id1
CC  description: rcacgtgr
CC  transfac_consensus: 
CC  matrix.nb: 51
XX
//
AC  M0188_0.90.txt_1
XX
ID  Srebf1_Srebf2
XX
DE  tsrcgtga
P0       A     C     G     T
1    7.7454 0.0766871 0.0766871 92.1012
2    0.0586854 70.4812 29.4014 0.0586854
3    41.1385 0.0586854 58.7441 0.0586854
4    0.0586854 82.2183 11.7958 5.92723
5    0.0586854 0.0586854 99.8239 0.0586854
6    0.0586854 5.92723 0.0586854 93.9554
7    0.0586854 0.0586854 99.8239 0.0586854
8    84.4325 0.0766871 7.7454 7.7454
XX
CC  program: transfac
CC  matrix.nb: 52
CC  accession: M0188_0.90.txt_1
CC  AC: M0188_0.90.txt_1
CC  id: M0188_0.90.txt_1
CC  name: Srebf1_Srebf2
CC  version: 
CC  name: Srebf1_Srebf2
CC  description: tsrcgtga
CC  transfac_consensus: 
CC  matrix.nb: 52
XX
//
AC  M0189_0.90.txt_1
XX
ID  Hes1_Hes2
XX
DE  sscacgygyc
P0       A     C     G     T
1    18.7192 25.7787 37.6958 17.8062
2    20.8846 29.9345 39.6073 9.57363
3    4.01927 87.4529 1.42063 7.10715
4    74.2947 3.34692 14.1263 8.23209
5    2.92232 83.2942 5.59783 8.18562
6    16.483 4.06466 76.8864 2.56595
7    11.579 46.9552 6.68051 34.7853
8    5.82071 11.2619 66.1167 16.8007
9    22.5947 30.1962 15.1457 32.0634
10   21.714 38.3962 19.8451 20.0446
XX
CC  program: transfac
CC  matrix.nb: 53
CC  accession: M0189_0.90.txt_1
CC  AC: M0189_0.90.txt_1
CC  id: M0189_0.90.txt_1
CC  name: Hes1_Hes2
CC  version: 
CC  name: Hes1_Hes2
CC  description: sscacgygyc
CC  transfac_consensus: 
CC  matrix.nb: 53
XX
//
AC  M0190_0.90.txt_1
XX
ID  Hes7
XX
DE  grcgcgtgcc
P0       A     C     G     T
1    22.7282 17.5246 39.7896 19.9575
2    34.7982 15.4803 33.7698 15.9517
3    14.4508 79.8981 3.35601 2.29504
4    23.4584 8.2915 52.2077 16.0423
5    2.80703 82.4446 2.53991 12.2084
6    3.16068 1.70027 94.707 0.432051
7    4.54866 4.64055 2.14864 88.6622
8    1.08207 0.49109 96.4354 1.99147
9    9.57513 41.6445 24.2682 24.5121
10   15.9861 44.3326 20.7329 18.9484
XX
CC  program: transfac
CC  matrix.nb: 54
CC  accession: M0190_0.90.txt_1
CC  AC: M0190_0.90.txt_1
CC  id: M0190_0.90.txt_1
CC  name: Hes7
CC  version: 
CC  name: Hes7
CC  description: grcgcgtgcc
CC  transfac_consensus: 
CC  matrix.nb: 54
XX
//
AC  M0191_0.90.txt_1
XX
ID  Tcfe3_Tcfeb_Tcfec_Mitf
XX
DE  cacgtgay
P0       A     C     G     T
1    0.934839 99.0466 0.00925583     0
2    62.7974 5.79147 14.0532 17.3579
3    0.00746046 87.2948 2.2456 10.4521
4    12.6902 4.48374 82.8186     0
5    8.21397 2.99164 3.73769 85.0567
6    0.00746046 0.00746046 99.9776     0
7    85.5638 7.21362 4.51189 2.71073
8    1.48442 63.2128 7.36332 27.9394
XX
CC  program: transfac
CC  matrix.nb: 55
CC  accession: M0191_0.90.txt_1
CC  AC: M0191_0.90.txt_1
CC  id: M0191_0.90.txt_1
CC  name: Tcfe3_Tcfeb_Tcfec_Mitf
CC  version: 
CC  name: Tcfe3_Tcfeb_Tcfec_Mitf
CC  description: cacgtgay
CC  transfac_consensus: 
CC  matrix.nb: 55
XX
//
AC  M0192_0.90.txt_1
XX
ID  Bhlhe22_Olig2_Bhlhe23_Olig3_Olig1
XX
DE  arcatatggy
P0       A     C     G     T
1    41.2746 17.5491 23.6272 17.5491
2    41.3869 22.0536 29.8563 6.70327
3    0.00460189 99.9862 0.00460189     0
4    99.9862 0.00460189 0.00460189     0
5    0.00460189 0.00460189 0.00460189 99.9862
6    99.9862 0.00460189 0.00460189     0
7    0.00460189 0.00460189 0.00460189 99.9862
8    0.00460189 0.00460189 99.9862     0
9    7.45553 13.4874 65.1658 13.8914
10   18.3013 27.2775 18.3013 36.1199
XX
CC  program: transfac
CC  matrix.nb: 56
CC  accession: M0192_0.90.txt_1
CC  AC: M0192_0.90.txt_1
CC  id: M0192_0.90.txt_1
CC  name: Bhlhe22_Olig2_Bhlhe23_Olig3_Olig1
CC  version: 
CC  name: Bhlhe22_Olig2_Bhlhe23_Olig3_Olig1
CC  description: arcatatggy
CC  transfac_consensus: 
CC  matrix.nb: 56
XX
//
AC  M0193_0.90.txt_1
XX
ID  Msc_Tcf21_Tcf15
XX
DE  rmcakmtgky
P0       A     C     G     T
