AC  ABF1
XX
ID  ABF1
XX
DE  ttatcact
P0       A     C     G     T
1    0.961538 0.961538 0.961538 97.1154
2    0.961538 0.961538 0.961538 97.1154
3    97.1154 0.961538 0.961538 0.961538
4    0.961538 0.961538 0.961538 97.1154
5    0.961538 97.1154 0.961538 0.961538
6    97.1154 0.961538 0.961538 0.961538
7    0.961538 97.1154 0.961538 0.961538
8    0.961538 0.961538 0.961538 97.1154
XX
CC  program: transfac
CC  matrix.nb: 1
CC  accession: ABF1
CC  AC: ABF1
CC  id: ABF1
CC  name: ABF1
CC  version: 
CC  name: ABF1
CC  description: ttatcact
CC  transfac_consensus: 
CC  matrix.nb: 1
XX
//
AC  AFT1
XX
ID  AFT1
XX
DE  attgcacccsg
P0       A     C     G     T
1    32.1949 22.6017 22.6017 22.6017
2    19.1661 9.97046 19.1166 51.7468
3    2.258 11.1111 2.258 84.3729
4    0.0167177 8.76415 82.2336 8.98555
5    0.0167177 99.9498 0.0167177 0.0167177
6    82.2336 17.733 0.0167177 0.0167177
7    0.0167177 99.9498 0.0167177 0.0167177
8    0.0167177 99.9498 0.0167177 0.0167177
9    2.41501 92.755 2.41501 2.41501
10   15.0463 25.6746 44.2329 15.0463
11   22.7587 22.7587 31.7238 22.7587
XX
CC  program: transfac
CC  matrix.nb: 2
CC  accession: AFT1
CC  AC: AFT1
CC  id: AFT1
CC  name: AFT1
CC  version: 
CC  name: AFT1
CC  description: attgcacccsg
CC  transfac_consensus: 
CC  matrix.nb: 2
XX
//
AC  AFT2
XX
ID  AFT2
XX
DE  whyrcaccyy
P0       A     C     G     T
1    29.7121 19.9166 19.1357 31.2355
2    25.8788 25.3663 20.1544 28.6005
3    20.6317 28.1298 24.2116 27.0268
4    37.9793 16.0714 31.4073 14.542
5    6.74466 86.3795 2.82568 4.05014
6    84.9665 4.67513 9.04541 1.31292
7    3.29925 94.9827 0.046593 1.67146
8    15.4413 78.8102 1.7455 4.003
9    10.5126 63.5977 0.544753 25.3449
10   19.8322 32.0502 22.1382 25.9794
XX
CC  program: transfac
CC  matrix.nb: 3
CC  accession: AFT2
CC  AC: AFT2
CC  id: AFT2
CC  name: AFT2
CC  version: 
CC  name: AFT2
CC  description: whyrcaccyy
CC  transfac_consensus: 
CC  matrix.nb: 3
XX
//
AC  MBP1
XX
ID  MBP1
XX
DE  yacgcgty
P0       A     C     G     T
1    23.3581 27.0067 2.92615 46.709
2    60.444 2.26502 15.8213 21.4697
3    0.00473844 99.5119 0.478582     0
4    2.83437 0.00471609 97.1562     0
5    0.00471609 91.9685 0.00471609 8.02207
6    0.00471609 0.476325 99.5142     0
7    13.1456 10.8604 0.00571298 75.9883
8    1.59473 56.3393 16.6693 25.3967
XX
CC  program: transfac
CC  matrix.nb: 4
CC  accession: MBP1
CC  AC: MBP1
CC  id: MBP1
CC  name: MBP1
CC  version: 
CC  name: MBP1
CC  description: yacgcgty
CC  transfac_consensus: 
CC  matrix.nb: 4
XX
//
AC  MBP1
XX
ID  MBP1
XX
DE  acgcgwhwyw
P0       A     C     G     T
1    48.245 10.8731 19.4198 21.4622
2    0.0184945 98.4668 1.32276 0.191996
3    12.5748 1.57097 85.772 0.0822241
4    2.76943 71.4245 1.5506 24.2554
5    4.15015 11.6248 80.8944 3.33057
6    26.3515 12.8267 12.3237 48.4981
7    27.5831 30.484 12.6442 29.2887
8    34.3869 21.7079 18.6842 25.221
9    23.9239 28.075 22.0846 25.9165
10   25.3438 23.3953 24.35 26.9109
XX
CC  program: transfac
CC  matrix.nb: 5
CC  accession: MBP1
CC  AC: MBP1
CC  id: MBP1
CC  name: MBP1
CC  version: 
CC  name: MBP1
CC  description: acgcgwhwyw
CC  transfac_consensus: 
CC  matrix.nb: 5
XX
//
AC  SWI4
XX
ID  SWI4
XX
DE  racgcgaa
P0       A     C     G     T
1    34.9967 10.005 44.9933 10.005
2    78.3819 3.70896 5.56036 12.3488
3    0.00523451 99.9843 0.00523451     0
4    5.73318 0.00520725 94.2564     0
5    0.525932 99.4637 0.00520725     0
6    0.525932 2.60883 96.86     0
7    65.1509 12.9063 4.52141 17.4213
8    54.6119 9.24899 11.7692 24.37
XX
CC  program: transfac
CC  matrix.nb: 6
CC  accession: SWI4
CC  AC: SWI4
CC  id: SWI4
CC  name: SWI4
CC  version: 
CC  name: SWI4
CC  description: racgcgaa
CC  transfac_consensus: 
CC  matrix.nb: 6
XX
//
AC  XBP1
XX
ID  XBP1
XX
DE  kctcgarg
P0       A     C     G     T
1    13.9169 13.0476 27.8251 45.2104
2    1.30486 81.8034 2.60322 14.2885
3    0.00497413 0.00497413 0.00497413 99.9851
4    0.00497413 99.9851 0.00497413     0
5    0.00497413 0.00497413 99.9851     0
6    99.9851 0.00497413 0.00497413     0
7    62.6487 5.70109 27.8474 3.80283
8    14.2891 23.0165 47.6119 15.0825
XX
CC  program: transfac
CC  matrix.nb: 7
CC  accession: XBP1
CC  AC: XBP1
CC  id: XBP1
CC  name: XBP1
CC  version: 
CC  name: XBP1
CC  description: kctcgarg
CC  transfac_consensus: 
CC  matrix.nb: 7
XX
//
AC  XBP1
XX
ID  XBP1
XX
DE  tcgarrr
P0       A     C     G     T
1    9.5643 19.8467 7.90929 62.6797
2    6.37124 76.0807 8.77402 8.77402
3    12.0601 2.38668 84.7667 0.786551
4    73.9727 2.51858 16.0177 7.49096
5    40.9131 6.69559 43.8796 8.51176
6    27.1663 23.3823 29.7247 19.7268
7    28.4062 21.6847 25.703 24.2061
XX
CC  program: transfac
CC  matrix.nb: 8
CC  accession: XBP1
CC  AC: XBP1
CC  id: XBP1
CC  name: XBP1
CC  version: 
CC  name: XBP1
CC  description: tcgarrr
CC  transfac_consensus: 
CC  matrix.nb: 8
XX
//
AC  PHD1
XX
ID  PHD1
XX
DE  gmtgcakg
P0       A     C     G     T
1    0.0586854 11.7958 88.0869 0.0586854
2    36.8172 57.8256 5.30462 0.052521
3    0.0475285 0.0475285 0.0475285 99.8574
4    0.0475285 0.0475285 99.8574 0.0475285
5    0.0475285 99.8574 0.0475285 0.0475285
6    99.8574 0.0475285 0.0475285 0.0475285
7    5.30462 5.30462 63.0777 26.313
8    0.0766871 15.4141 84.4325 0.0766871
XX
CC  program: transfac
CC  matrix.nb: 9
CC  accession: PHD1
CC  AC: PHD1
CC  id: PHD1
CC  name: PHD1
CC  version: 
CC  name: PHD1
CC  description: gmtgcakg
CC  transfac_consensus: 
CC  matrix.nb: 9
XX
//
AC  PHD1
XX
ID  PHD1
XX
DE  wgmtgcasg
P0       A     C     G     T
1    32.0147 14.6757 15.7399 37.5696
2    10.1234 16.8583 51.1542 21.8641
3    68.4421 29.5472 1.90787 0.102898
4    4.41257 6.07667 0.882017 88.6288
5    0.040006 0.340028 99.6111     0
6    0.0919564 94.0249 0.0499646 5.83317
7    86.4471 1.11576 12.2992 0.138005
8    14.6186 30.6397 30.6397 24.102
9    17.8872 19.377 47.1854 15.5504
XX
CC  program: transfac
CC  matrix.nb: 10
CC  accession: PHD1
CC  AC: PHD1
CC  id: PHD1
CC  name: PHD1
CC  version: 
CC  name: PHD1
CC  description: wgmtgcasg
CC  transfac_consensus: 
CC  matrix.nb: 10
XX
//
AC  SOK2
XX
ID  SOK2
XX
DE  tkcmtgcakgt
P0       A     C     G     T
1    22.5027 22.5027 22.5027 32.492
2    18.0909 18.0909 36.7512 27.0669
3    7.53401 68.388 7.53401 16.544
4    40.712 59.2518 0.0181107 0.0181107
5    0.0181107 0.0181107 0.0181107 99.9457
6    0.0181107 0.0181107 99.9457 0.0181107
7    0.0181107 99.9457 0.0181107 0.0181107
8    99.9457 0.0181107 0.0181107 0.0181107
9    2.51544 2.51544 62.1172 32.8519
10   6.92716 15.9432 70.2024 6.92716
11   17.4841 17.4841 17.4841 47.5477
XX
CC  program: transfac
CC  matrix.nb: 11
CC  accession: SOK2
CC  AC: SOK2
CC  id: SOK2
CC  name: SOK2
CC  version: 
CC  name: SOK2
CC  description: tkcmtgcakgt
CC  transfac_consensus: 
CC  matrix.nb: 11
XX
//
AC  ORC2
XX
ID  ORC2
XX
DE  rcawwwwar
P0       A     C     G     T
1    37.4501 13.7771 37.8264 10.9464
2    22.6206 27.6289 24.9996 24.7509
3    60.6765 5.67208 23.0014 10.65
4    42.8552 11.1098 20.042 25.993
5    47.592 4.67704 20.546 27.185
6    40.0042 9.96406 15.9424 34.0893
7    33.7415 20.2616 11.5736 34.4232
8    54.6503 7.24966 22.4425 15.6576
9    46.2607 4.07264 31.9538 17.7129
XX
CC  program: transfac
CC  matrix.nb: 12
CC  accession: ORC2
CC  AC: ORC2
CC  id: ORC2
CC  name: ORC2
CC  version: 
CC  name: ORC2
CC  description: rcawwwwar
CC  transfac_consensus: 
CC  matrix.nb: 12
XX
//
AC  ORC2
XX
ID  ORC2
XX
DE  garkmmwwww
P0       A     C     G     T
1    16.758 10.5791 59.0791 13.5838
2    56.6353 16.7205 11.6655 14.9788
3    27.8495 14.2508 40.3187 17.5809
4    19.8637 13.7205 39.6026 26.8132
5    27.7415 41.3854 8.61004 22.2631
6    36.1836 29.6246 14.1343 20.0575
7    47.7449 4.12008 21.6688 26.4663
8    56.0915 1.53263 7.66745 34.7085
9    65.1345 0.215769 3.8824 30.7673
10   71.2595 2.93389 0.366531 25.4401
XX
CC  program: transfac
CC  matrix.nb: 13
CC  accession: ORC2
CC  AC: ORC2
CC  id: ORC2
CC  name: ORC2
CC  version: 
CC  name: ORC2
CC  description: garkmmwwww
CC  transfac_consensus: 
CC  matrix.nb: 13
XX
//
AC  ORC2
XX
ID  ORC2
XX
DE  mkrawarh
P0       A     C     G     T
1    37.7279 27.1235 19.4997 15.6489
2    24.75 20.2636 27.0808 27.9056
3    34.3177 17.7371 25.1702 22.7749
4    34.0293 17.7648 24.4645 23.7414
5    34.6936 15.4337 21.4679 28.4048
6    57.6007 3.33187 17.8773 21.1901
7    73.2846 0.000129006 26.6916 0.0236203
8    25.3553 25.8675 6.12874 42.6484
XX
CC  program: transfac
CC  matrix.nb: 14
CC  accession: ORC2
CC  AC: ORC2
CC  id: ORC2
CC  name: ORC2
CC  version: 
CC  name: ORC2
CC  description: mkrawarh
CC  transfac_consensus: 
CC  matrix.nb: 14
XX
//
AC  ORC2
XX
ID  ORC2
XX
DE  aaarwaww
P0       A     C     G     T
1    42.1032 21.3302 21.9798 14.5869
2    36.1549 21.0692 21.281 21.4949
3    39.9952 12.9198 23.3071 23.7779
4    40.7012 8.13567 26.4765 24.6866
5    28.7986 14.301 13.0701 43.8304
6    78.0909 0.0177366 13.9834 7.90798
7    56.2556 0.0620326 17.6353 26.0471
8    41.7051 9.30567 11.2529 37.7363
XX
CC  program: transfac
CC  matrix.nb: 15
CC  accession: ORC2
CC  AC: ORC2
CC  id: ORC2
CC  name: ORC2
CC  version: 
CC  name: ORC2
CC  description: aaarwaww
CC  transfac_consensus: 
CC  matrix.nb: 15
XX
//
AC  ORC2
XX
ID  ORC2
XX
DE  wwawawat
P0       A     C     G     T
1    72.3485 0.0344353 0.0344353 27.5826
2    72.1698 0.0277469 0.0277469 27.7747
3    75.621 0.0269978 0.0269978 24.3251
4    64.8218 0.0269978 0.0269978 35.1242
5    86.4201 0.0269978 0.0269978 13.5259
6    32.4244 0.0269978 0.0269978 67.5216
7    89.1199 0.0269978 0.0269978 10.8261
8    6.27341 0.031211 0.031211 93.6642
XX
CC  program: transfac
CC  matrix.nb: 16
CC  accession: ORC2
CC  AC: ORC2
CC  id: ORC2
CC  name: ORC2
CC  version: 
CC  name: ORC2
CC  description: wwawawat
CC  transfac_consensus: 
CC  matrix.nb: 16
XX
//
AC  ORC2
XX
ID  ORC2
XX
DE  aaaawaaa
P0       A     C     G     T
1    99.0132 0.328947 0.328947 0.328947
2    99.2574 0.247525 0.247525 0.247525
3    99.2574 0.247525 0.247525 0.247525
4    99.2574 0.247525 0.247525 0.247525
5       25 0.247525 0.247525 74.505
6    99.2574 0.247525 0.247525 0.247525
7    99.2574 0.247525 0.247525 0.247525
8    99.0132 0.328947 0.328947 0.328947
XX
CC  program: transfac
CC  matrix.nb: 17
CC  accession: ORC2
CC  AC: ORC2
CC  id: ORC2
CC  name: ORC2
CC  version: 
CC  name: ORC2
CC  description: aaaawaaa
CC  transfac_consensus: 
CC  matrix.nb: 17
XX
//
AC  ORC2
XX
ID  ORC2
XX
DE  wwwhwwdwww
P0       A     C     G     T
1    31.4753 17.358 11.9888 39.1779
2    39.8793 10.259 14.6381 35.2236
3    37.7309 14.6069 18.1421 29.5201
4    26.9905 27.2333 6.21234 39.5639
5    32.3521 17.1271 19.3764 31.1444
6    31.1444 19.3764 17.1271 32.3521
7    39.5639 6.21234 27.2333 26.9905
8    29.5201 18.1421 14.6069 37.7309
9    35.2236 14.6381 10.259 39.8793
10   39.1779 11.9888 17.358 31.4753
XX
CC  program: transfac
CC  matrix.nb: 18
CC  accession: ORC2
CC  AC: ORC2
CC  id: ORC2
CC  name: ORC2
CC  version: 
CC  name: ORC2
CC  description: wwwhwwdwww
CC  transfac_consensus: 
CC  matrix.nb: 18
XX
//
AC  ORC2
XX
ID  ORC2
XX
DE  raardwrw
P0       A     C     G     T
1    27.2331 23.2065 25.6472 23.9132
2    29.0589 22.8585 24.7623 23.3203
3    32.8743 20.5465 23.8717 22.7074
4    32.1069 19.0882 25.2562 23.5487
5    31.252 15.9919 25.587 27.1692
6    44.8771 14.0683 9.43029 31.6243
7    71.6851 0.0111344 28.2836 0.0200863
8    33.7735 15.9535 9.02208 41.251
XX
CC  program: transfac
CC  matrix.nb: 19
CC  accession: ORC2
CC  AC: ORC2
CC  id: ORC2
CC  name: ORC2
CC  version: 
CC  name: ORC2
CC  description: raardwrw
CC  transfac_consensus: 
CC  matrix.nb: 19
XX
//
AC  ORC2
XX
ID  ORC2
XX
DE  yrhwwwwdyr
P0       A     C     G     T
1    21.5163 32.3274 19.4792 26.6771
2    28.9484 10.0082 39.3882 21.6552
3    28.6614 28.8427 17.0297 25.4662
4    40.4746 15.9463 16.726 26.8531
5    42.052 15.1365 15.7426 27.0689
6    27.0689 15.7426 15.1365 42.052
7    26.8531 16.726 15.9463 40.4746
8    25.4662 17.0297 28.8427 28.6614
9    21.6552 39.3882 10.0082 28.9484
10   26.6771 19.4792 32.3274 21.5163
XX
CC  program: transfac
CC  matrix.nb: 20
CC  accession: ORC2
CC  AC: ORC2
CC  id: ORC2
CC  name: ORC2
CC  version: 
CC  name: ORC2
CC  description: yrhwwwwdyr
CC  transfac_consensus: 
CC  matrix.nb: 20
XX
//
AC  ORC2
XX
ID  ORC2
XX
DE  aaawaaat
P0       A     C     G     T
1       75 8.33333 8.33333 8.33333
2       80 6.66667 6.66667 6.66667
3    73.3333 6.66667 6.66667 13.3333
4    26.6667 6.66667 6.66667    60
5    73.3333 6.66667 6.66667 13.3333
6    66.6667 6.66667 6.66667    20
7    69.2308 7.69231 7.69231 15.3846
8    16.6667 8.33333 8.33333 66.6667
XX
CC  program: transfac
CC  matrix.nb: 21
CC  accession: ORC2
CC  AC: ORC2
CC  id: ORC2
CC  name: ORC2
CC  version: 
CC  name: ORC2
CC  description: aaawaaat
CC  transfac_consensus: 
CC  matrix.nb: 21
XX
//
AC  ORC2
XX
ID  ORC2
XX
DE  araatatwaatt
P0       A     C     G     T
1    31.9241 22.692 22.692 22.692
2    29.5675 20.3353 29.7619 20.3353
3    44.7891 15.3263 15.3263 24.5584
4    75.9501 8.01664 8.01664 8.01664
5    23.4882 0.0164217 0.0164217 76.479
6    81.9787 0.0164217 0.0164217 17.9884
7    9.61328 0.0164217 9.945 80.4253
8    40.7905 0.0164217 0.0164217 59.1766
9    83.6001 11.751 2.32446 2.32446
10   85.9567 4.6811 4.6811 4.6811
11   9.69017 9.69017 9.69017 70.9295
12   16.9998 16.9998 16.9998 49.0007
XX
CC  program: transfac
CC  matrix.nb: 22
CC  accession: ORC2
CC  AC: ORC2
CC  id: ORC2
CC  name: ORC2
CC  version: 
CC  name: ORC2
CC  description: araatatwaatt
CC  transfac_consensus: 
CC  matrix.nb: 22
XX
//
AC  ORC2
XX
ID  ORC2
XX
DE  wwawwwaww
P0       A     C     G     T
1    35.3239 18.4407 20.585 25.6504
2    29.1909 20.986 17.8831 31.9399
3    47.9754 15.3435 20.7115 15.9696
4    35.3839 15.7408 19.6143 29.261
5    43.2302 7.07479 19.2313 30.4638
6    38.9749 10.0033 6.1899 44.8318
7    86.2322 0.0496401 8.47435 5.24379
8    51.9591 3.38873 8.76228 35.8899
9    36.5816 9.29563 8.08123 46.0416
XX
CC  program: transfac
CC  matrix.nb: 23
CC  accession: ORC2
CC  AC: ORC2
CC  id: ORC2
CC  name: ORC2
CC  version: 
CC  name: ORC2
CC  description: wwawwwaww
CC  transfac_consensus: 
CC  matrix.nb: 23
XX
//
AC  SUM1
XX
ID  SUM1
XX
DE  awwaaww
P0       A     C     G     T
1    28.2959 24.8465 24.5993 22.2583
2    31.6659 18.4532 23.6944 26.1864
3    37.7778 11.2652 20.9413 30.0157
4    61.6393 6.89847 11.1484 20.3138
5    67.5764 4.27703 6.31709 21.8294
6    32.6032 13.3887 8.20227 45.8058
7    32.1153 13.7266 11.2384 42.9198
XX
CC  program: transfac
CC  matrix.nb: 24
CC  accession: SUM1
CC  AC: SUM1
CC  id: SUM1
CC  name: SUM1
CC  version: 
CC  name: SUM1
CC  description: awwaaww
CC  transfac_consensus: 
CC  matrix.nb: 24
XX
//
AC  SUM1
XX
ID  SUM1
XX
DE  wawwwaww
P0       A     C     G     T
1    34.0141 17.7569 21.4725 26.7564
2    40.2816 18.8384 22.7803 18.0997
3    39.9077 14.6812 20.2179 25.1931
4    33.2385 10.5245 16.8392 39.3978
5    55.6169 0.0482426 10.2624 34.0724
6    80.1022 0.0213501 1.08687 18.7896
7    51.6361 0.0220205 0.196758 48.1452
8    29.702 7.4724 6.49619 56.3294
XX
CC  program: transfac
CC  matrix.nb: 25
CC  accession: SUM1
CC  AC: SUM1
CC  id: SUM1
CC  name: SUM1
CC  version: 
CC  name: SUM1
CC  description: wawwwaww
CC  transfac_consensus: 
CC  matrix.nb: 25
XX
//
AC  ORC2
XX
ID  ORC2
XX
DE  mdrawart
P0       A     C     G     T
1    31.8198 26.3137 21.979 19.8875
2    25.6386 20.168 26.4194 27.774
3    32.2138 19.5387 25.0882 23.1593
4    33.0083 19.0441 23.4943 24.4532
5    35.3662 15.5764 21.2373 27.8201
6    54.031 7.23955 15.6357 23.0937
7    70.8523 0.00976059 29.0959 0.0420287
8    21.6909 22.8031 10.0432 45.4628
XX
CC  program: transfac
CC  matrix.nb: 26
CC  accession: ORC2
CC  AC: ORC2
CC  id: ORC2
CC  name: ORC2
CC  version: 
CC  name: ORC2
CC  description: mdrawart
CC  transfac_consensus: 
CC  matrix.nb: 26
XX
//
AC  ORC2
XX
ID  ORC2
XX
DE  aaawtaat
P0       A     C     G     T
1    83.9058 0.0399361 12.0208 4.03355
2    88.161 0.0293772 0.0293772 11.7803
3    83.2686 0.0277469 0.0277469 16.6759
4    69.3951 0.0277469 0.0277469 30.5494
5    16.6759 0.0277469 0.0277469 83.2686
6    83.2686 0.0277469 0.0277469 16.6759
7    76.4101 2.9671 0.0293772 20.5934
8    18.5281 3.73521 0.0369822 77.6997
XX
CC  program: transfac
CC  matrix.nb: 27
CC  accession: ORC2
CC  AC: ORC2
CC  id: ORC2
CC  name: ORC2
CC  version: 
CC  name: ORC2
CC  description: aaawtaat
CC  transfac_consensus: 
CC  matrix.nb: 27
XX
//
AC  RTG3
XX
ID  RTG3
XX
DE  akcacgtgaytt
P0       A     C     G     T
1    32.4652 22.5116 22.5116 22.5116
2    9.76761 9.76761 53.2933 27.1715
3    9.64012 76.516 11.9132 1.9307
4    68.78 9.66662 11.9132 9.64012
5    0.0162181 82.3109 9.99874 7.67415
6    7.72564 7.75214 76.8481 7.67415
7    9.99874 7.75214 0.0162181 82.2329
8    7.75214 0.0162181 92.2154 0.0162181
9    78.7419 16.2488 2.50462 2.50462
10   22.9065 29.3041 15.2486 32.5408
11   23.0855 23.0855 23.0855 30.7434
12   23.0855 23.0855 23.0855 30.7434
XX
CC  program: transfac
CC  matrix.nb: 28
CC  accession: RTG3
CC  AC: RTG3
CC  id: RTG3
CC  name: RTG3
CC  version: 
CC  name: RTG3
CC  description: akcacgtgaytt
CC  transfac_consensus: 
CC  matrix.nb: 28
XX
//
AC  PHO4
XX
ID  PHO4
XX
DE  vccacgtgch
P0       A     C     G     T
1    27.4529 27.525 27.4073 17.6149
2    7.40008 67.1519 18.0479 7.40008
3    0.000936488 99.9972 0.000936488     0
4    99.9972 0.000936488 0.000936488     0
5    0.000936488 99.9972 0.000936488     0
6    0.000936488 0.000936488 99.9972     0
7    0.000936488 0.000936488 0.000936488 99.9972
8    0.000936488 0.000936488 99.9972     0
9    7.38606 57.7172 17.7537 17.143
10   27.2951 27.3391 17.6009 27.7649
XX
CC  program: transfac
CC  matrix.nb: 29
CC  accession: PHO4
CC  AC: PHO4
CC  id: PHO4
CC  name: PHO4
CC  version: 
CC  name: PHO4
CC  description: vccacgtgch
CC  transfac_consensus: 
CC  matrix.nb: 29
XX
//
AC  PHO4
XX
ID  PHO4
XX
DE  rvscacgtg
P0       A     C     G     T
1    27.248 23.6883 26.9769 22.0868
2    28.37 26.1888 27.5316 17.9095
3    19.3493 32.546 38.9647 9.13996
4    11.605 88.3613 0.00405192 0.0296419
5    88.3751 4.53393 3.06973 4.02124
6    0.0681756 87.7359 0.202773 11.9931
7    8.45487 1.92465 89.5451 0.0753767
8    15.3371 17.1205 10.7003 56.842
9    9.16467 7.5034 61.8898 21.4421
XX
CC  program: transfac
CC  matrix.nb: 30
CC  accession: PHO4
CC  AC: PHO4
CC  id: PHO4
CC  name: PHO4
CC  version: 
CC  name: PHO4
CC  description: rvscacgtg
CC  transfac_consensus: 
CC  matrix.nb: 30
XX
//
AC  CBF1
XX
ID  CBF1
XX
DE  artcacgtgya
P0       A     C     G     T
1    31.0339 22.9887 22.9887 22.9887
2    26.9895 14.0964 44.8177 14.0964
3    2.32644 2.32644 11.8648 83.4823
4    7.53231 76.6428 0.0203189 15.8045
5    84.1548 0.0203189 0.0203189 15.8045
6    0.0203189 76.6428 0.0203189 23.3165
7    7.53231 0.0203189 92.4271 0.0203189
8    0.0203189 0.0203189 0.0203189 99.939
9    9.54359 2.0316 78.6541 9.77069
10   20.7773 40.0191 10.9239 28.2796
11   31.9184 22.6939 22.6939 22.6939
XX
CC  program: transfac
CC  matrix.nb: 31
CC  accession: CBF1
CC  AC: CBF1
CC  id: CBF1
CC  name: CBF1
CC  version: 
CC  name: CBF1
CC  description: artcacgtgya
CC  transfac_consensus: 
CC  matrix.nb: 31
XX
//
AC  CBF1
XX
ID  CBF1
XX
DE  rtcacgtg
P0       A     C     G     T
1    29.8246 1.75439 66.6667 1.75439
2    2.46914 3.7037 4.93827 88.8889
3        0   100     0     0
4    92.3077 5.49451     0 2.1978
5        0 92.3077 3.2967 4.3956
6    5.49451 2.1978 92.3077     0
7    5.12821 11.5385 6.41026 76.9231
8    1.5873 1.5873 88.8889 7.93651
XX
CC  program: transfac
CC  matrix.nb: 32
CC  accession: CBF1
CC  AC: CBF1
CC  id: CBF1
CC  name: CBF1
CC  version: 
CC  name: CBF1
CC  description: rtcacgtg
CC  transfac_consensus: 
CC  matrix.nb: 32
XX
//
AC  CBF1
XX
ID  CBF1
XX
DE  grtcacgtg
P0       A     C     G     T
1    20.4886 11.8209 51.4117 16.2788
2    30.8638 2.11612 65.3387 1.68133
3    1.15494 1.63893 4.07164 93.1345
4    0.00414899 99.994 0.00157281     0
5    99.9499 0.029738 0.00631182 0.0140472
6    0.0018432 99.8577 0.0681357 0.072349
7    0.281383 0.037327 99.6795     0
8    0.19213 0.135392 0.146668 99.5258
9    0.0100885 0.0106058 99.8475 0.131815
XX
CC  program: transfac
CC  matrix.nb: 33
CC  accession: CBF1
CC  AC: CBF1
CC  id: CBF1
CC  name: CBF1
CC  version: 
CC  name: CBF1
CC  description: grtcacgtg
CC  transfac_consensus: 
CC  matrix.nb: 33
XX
//
AC  TYE7
XX
ID  TYE7
XX
DE  vtcacgtg
P0       A     C     G     T
1    49.7525    25    25 0.247525
2    0.142045 14.3466 0.142045 85.3693
3    0.142045 99.5739 0.142045 0.142045
4    99.5739 0.142045 0.142045 0.142045
5    0.142045 99.5739 0.142045 0.142045
6    0.142045 0.142045 99.5739 0.142045
7    0.142045 0.142045 0.142045 99.5739
8    0.142045 0.142045 99.5739 0.142045
XX
CC  program: transfac
CC  matrix.nb: 34
CC  accession: TYE7
CC  AC: TYE7
CC  id: TYE7
CC  name: TYE7
CC  version: 
CC  name: TYE7
CC  description: vtcacgtg
CC  transfac_consensus: 
CC  matrix.nb: 34
XX
//
AC  TYE7
XX
ID  TYE7
XX
DE  crtcacgtga
P0       A     C     G     T
1    15.7253 46.7714 19.5949 17.9084
2    56.7369 8.23525 34.7585 0.269395
3    12.7858 22.6087 7.30338 57.3021
4    2.91908 84.038 9.21902 3.82389
5    79.3478 2.04182 6.13396 12.4764
6    1.7623 69.1737 20.4222 8.64188
7    9.75151 20.644 67.8584 1.74617
8    14.6656 13.9503 4.32972 67.0544
9    9.2591 11.8889 71.9237 6.92824
10   49.8056 12.2819 23.0606 14.8519
XX
CC  program: transfac
CC  matrix.nb: 35
CC  accession: TYE7
CC  AC: TYE7
CC  id: TYE7
CC  name: TYE7
CC  version: 
CC  name: TYE7
CC  description: crtcacgtga
CC  transfac_consensus: 
CC  matrix.nb: 35
XX
//
AC  YAP6_CIN5
XX
ID  YAP6_CIN5
XX
DE  gakkrggwray
P0       A     C     G     T
1    23.0941 23.0941 30.7177 23.0941
2    37.0531 20.9823 20.9823 20.9823
3    4.41151 4.41151 55.9057 35.2713
4    18.0302 0.016822 51.0764 30.8766
5    47.6335 9.4344 42.9152 0.016822
6    16.7738 15.3303 52.3328 15.5631
7    8.61258 0.016822 81.9362 9.4344
8    69.0898 0.016822 0.016822 30.8766
9    68.0965 1.92273 28.058 1.92273
10   70.4298 4.03454 12.0836 13.4521
11   20.6053 30.0229 20.6053 28.7665
XX
CC  program: transfac
CC  matrix.nb: 36
CC  accession: YAP6_CIN5
CC  AC: YAP6_CIN5
CC  id: YAP6_CIN5
CC  name: YAP6_CIN5
CC  version: 
CC  name: YAP6_CIN5
CC  description: gakkrggwray
CC  transfac_consensus: 
CC  matrix.nb: 36
XX
//
AC  GCN4
XX
ID  GCN4
XX
DE  krtgactcay
P0       A     C     G     T
1    21.1517 18.3884 28.2677 32.1921
2    43.1823 13.269 35.0029 8.54573
3    0.368386 0.0103722 4.82736e-05 99.6212
4    0.314571 2.14567 85.0682 12.4716
5    98.561 0.487081 0.3265 0.625425
6    5.49199 63.0099 20.7655 10.7327
7    22.6603 8.50465 21.3406 47.4945
8    23.2372 49.1932 12.7529 14.8167
9    46.9883 18.5394 18.3549 16.1174
10   23.0654 25.7474 20.0521 31.1351
XX
CC  program: transfac
CC  matrix.nb: 37
CC  accession: GCN4
CC  AC: GCN4
CC  id: GCN4
CC  name: GCN4
CC  version: 
CC  name: GCN4
CC  description: krtgactcay
CC  transfac_consensus: 
CC  matrix.nb: 37
XX
//
AC  HAC1
XX
ID  HAC1
XX
DE  agrmcacgtr
P0       A     C     G     T
1    35.3816 15.7398 24.4393 24.4393
2    21.1817 17.3421 37.8314 23.6447
3    28.2621 4.96057 49.9749 16.8024
4    47.1319 43.0753 0.1814 9.6114
5    9.52428 79.3481 1.88484 9.24279
6    92.6944 0.999308 0.725647 5.58066
7    8.07352 86.3657 3.38242 2.1784
8    9.89754 13.7672 69.5667 6.76855
9    10.1851 13.6117 13.3421 62.8611
10   31.865 18.2016 27.7021 22.2314
XX
CC  program: transfac
CC  matrix.nb: 38
CC  accession: HAC1
CC  AC: HAC1
CC  id: HAC1
CC  name: HAC1
CC  version: 
CC  name: HAC1
CC  description: agrmcacgtr
CC  transfac_consensus: 
CC  matrix.nb: 38
XX
//
AC  YAP3
XX
ID  YAP3
XX
DE  mattackwaa
P0       A     C     G     T
1    28.673 27.6761 21.8254 21.8254
2    46.5755 15.8579 15.8579 21.7086
3    0.00515785 0.00515785 0.00515785 99.9845
4    0.00515785 0.00515785 12.1061 87.8836
5    94.1338 0.00515785 0.00515785 5.85585
6    0.00515785 99.9845 0.00515785     0
7    5.09268 0.00515785 52.5333 42.3689
8    36.5182 0.00515785 0.00515785 63.4715
9    90.4608 3.17972 3.17972 3.17972
10   52.5751 9.14723 21.5662 16.7115
XX
CC  program: transfac
CC  matrix.nb: 39
CC  accession: YAP3
CC  AC: YAP3
CC  id: YAP3
CC  name: YAP3
CC  version: 
CC  name: YAP3
CC  description: mattackwaa
CC  transfac_consensus: 
CC  matrix.nb: 39
XX
//
AC  ACA1_CST6
XX
ID  ACA1_CST6
XX
DE  rtgacgtm
P0       A     C     G     T
1    71.2963 0.0712251 28.5613 0.0712251
2    0.0475285 0.0475285 0.0475285 99.8574
3    4.80038 0.0475285 80.846 14.3061
4    99.8574 0.0475285 0.0475285 0.0475285
5    0.0475285 95.1046 0.0475285 4.80038
6    9.55323 0.0475285 90.3517 0.0475285
7    0.0475285 0.0475285 0.0475285 99.8574
8    49.9288 28.5613 0.0712251 21.4387
XX
CC  program: transfac
CC  matrix.nb: 40
CC  accession: ACA1_CST6
CC  AC: ACA1_CST6
CC  id: ACA1_CST6
CC  name: ACA1_CST6
CC  version: 
CC  name: ACA1_CST6
CC  description: rtgacgtm
CC  transfac_consensus: 
CC  matrix.nb: 40
XX
//
AC  YAP1
XX
ID  YAP1
XX
DE  gmtkackwaw
P0       A     C     G     T
1    15.6235 23.7783 38.4275 22.1707
2    40.2756 38.6964 12.1308 8.89728
3    3.51719 0.0319899 5.74117 90.7096
4    1.74459 3.24307 33.667 61.3453
5    85.5397 0.0658076 5.46837 8.92611
6    4.26048 53.4839 24.2734 17.9822
7    21.8505 14.214 28.6234 35.3121
8    40.9661 19.7419 11.2768 28.0152
9    57.5008 12.9591 15.3605 14.1795
10   29.779 16.3431 23.1919 30.6859
XX
CC  program: transfac
CC  matrix.nb: 41
CC  accession: YAP1
CC  AC: YAP1
CC  id: YAP1
CC  name: YAP1
CC  version: 
CC  name: YAP1
CC  description: gmtkackwaw
CC  transfac_consensus: 
CC  matrix.nb: 41
XX
//
AC  YAP6_CIN5
XX
ID  YAP6_CIN5
XX
DE  gmttacrtaa
P0       A     C     G     T
1    11.6441 7.65069 66.3402 14.365
2    44.4801 45.3787 8.71497 1.42624
3    0.291938 1.85667 2.38401 95.4674
4    5.05929 1.86121 15.506 77.5735
5    96.5859 2.20435 0.136755 1.07297
6    7.73093 60.0531 13.9465 18.2694
7    34.7681 11.0089 43.3237 10.8993
8    8.96083 5.48964 4.67796 80.8716
9    65.7744 17.2227 10.3422 6.66074
10   76.0955 7.25717 7.78337 8.86392
XX
CC  program: transfac
CC  matrix.nb: 42
CC  accession: YAP6_CIN5
CC  AC: YAP6_CIN5
CC  id: YAP6_CIN5
CC  name: YAP6_CIN5
CC  version: 
CC  name: YAP6_CIN5
CC  description: gmttacrtaa
CC  transfac_consensus: 
CC  matrix.nb: 42
XX
//
AC  REI1
XX
ID  REI1
XX
DE  tmaggggy
P0       A     C     G     T
1    20.5151 17.9523 5.13839 56.3942
2    25.2251 71.1545 0.909582 2.71073
3    97.1628 1.41509 1.41509     0
4    5.63926 0.00704027 94.3467     0
5    0.00704027 0.00704027 99.9789     0
6    1.41509 2.11912 89.4185 7.04731
7    13.8496 3.85266 81.5211 0.776684
8    16.3495 38.4564 20.1942    25
XX
CC  program: transfac
CC  matrix.nb: 43
CC  accession: REI1
CC  AC: REI1
CC  id: REI1
CC  name: REI1
CC  version: 
CC  name: REI1
CC  description: tmaggggy
CC  transfac_consensus: 
CC  matrix.nb: 43
XX
//
AC  RPN4
XX
ID  RPN4
XX
DE  cggtggcgaa
P0       A     C     G     T
1    22.664 29.502 24.6285 23.2055
2    2.42867 2.42867 92.714 2.42867
3    0.00345548 0.00345548 99.9896     0
4    0.00345548 0.00345548 0.00345548 99.9896
5    0.00345548 0.00345548 99.9896     0
6    0.00345548 0.00345548 99.9896     0
7    0.00345548 99.9896 0.00345548     0
8    20.2692 0.00345548 79.7239     0
9    37.4611 19.7949 19.4398 23.3041
10   32.2756 22.5748 22.5748 22.5748
XX
CC  program: transfac
CC  matrix.nb: 44
CC  accession: RPN4
CC  AC: RPN4
CC  id: RPN4
CC  name: RPN4
CC  version: 
CC  name: RPN4
CC  description: cggtggcgaa
CC  transfac_consensus: 
CC  matrix.nb: 44
XX
//
AC  RPN4
XX
ID  RPN4
XX
DE  vwwwwwwwwb
P0       A     C     G     T
1    25.0241 32.0883 30.218 12.6697
2    37.6259 6.13888 4.59654 51.6386
3    35.9871 10.5338 9.87396 43.6052
4    39.4764 8.34095 5.0374 47.1453
5    36.106 7.80205 7.57675 48.5152
6    48.5152 7.57675 7.80205 36.106
7    47.1453 5.0374 8.34095 39.4764
8    43.6052 9.87396 10.5338 35.9871
9    51.6386 4.59654 6.13888 37.6259
10   12.6697 30.218 32.0883 25.0241
XX
CC  program: transfac
CC  matrix.nb: 45
CC  accession: RPN4
CC  AC: RPN4
CC  id: RPN4
CC  name: RPN4
CC  version: 
CC  name: RPN4
CC  description: vwwwwwwwwb
CC  transfac_consensus: 
CC  matrix.nb: 45
XX
//
AC  STP4_STP3
XX
ID  STP4_STP3
XX
DE  arckctrgd
P0       A     C     G     T
1    38.6467 19.0004 23.914 18.4389
2    36.5263 15.1505 32.3959 15.9273
3    23.084 44.2184 16.267 16.4305
4    14.3801 1.29156 25.4279 58.9004
5    3.84387 69.8591 22.5668 3.73027
6    13.1629 2.26461 8.06394 76.5085
7    48.4548 13.4722 29.983 8.09001
8    18.5433 11.9426 50.406 19.1081
9    29.6229 18.3302 25.243 26.8039
XX
CC  program: transfac
CC  matrix.nb: 46
CC  accession: STP4_STP3
CC  AC: STP4_STP3
CC  id: STP4_STP3
CC  name: STP4_STP3
CC  version: 
CC  name: STP4_STP3
CC  description: arckctrgd
CC  transfac_consensus: 
CC  matrix.nb: 46
XX
//
AC  STP4
XX
ID  STP4
XX
DE  trcggckg
P0       A     C     G     T
1    7.7454 15.4141 0.0766871 76.7638
2    41.1385 0.0586854 58.7441 0.0586854
3    0.0586854 93.9554 5.92723 0.0586854
4    0.0586854 5.92723 93.9554 0.0586854
5    0.0586854 5.92723 93.9554 0.0586854
6    0.0586854 99.8239 0.0586854 0.0586854
7    0.0623441 6.29676    25 68.6409
8    0.0905797 18.2065 63.4964 18.2065
XX
CC  program: transfac
CC  matrix.nb: 47
CC  accession: STP4
CC  AC: STP4
CC  id: STP4
CC  name: STP4
CC  version: 
CC  name: STP4
CC  description: trcggckg
CC  transfac_consensus: 
CC  matrix.nb: 47
XX
//
AC  NRG1
XX
ID  NRG1
XX
DE  wmagggwcy
P0       A     C     G     T
1    26.3492 24.3234 19.9143 29.4131
2    33.9564 33.9564 13.2643 18.8229
3    64.7289 10.0765 20.0897 5.10493
4    4.08547 0.0148084 92.5212 3.37852
5    0.00554291 0.00436021 99.9595 0.0306465
6    2.27428 0.00547077 97.6769 0.0433549
7    25.0759 11.845 9.99324 53.0858
8    13.0351 51.2975 11.6773 23.9901
9    12.5682 46.1166 14.1707 27.1445
XX
CC  program: transfac
CC  matrix.nb: 48
CC  accession: NRG1
CC  AC: NRG1
CC  id: NRG1
CC  name: NRG1
CC  version: 
CC  name: NRG1
CC  description: wmagggwcy
CC  transfac_consensus: 
CC  matrix.nb: 48
XX
//
AC  GIS1_RPH1
XX
ID  GIS1_RPH1
XX
DE  wwwwaggggt
P0       A     C     G     T
1    33.0313 16.9024 21.0617 29.0046
2    35.4136 17.2376 16.5617 30.7871
3    25.4482 14.1066 11.2082 49.237
4    26.8935 14.9078 4.58084 53.6179
5    89.5324 5.61028 2.04337 2.81398
6    21.4687 0.443345 77.991 0.0969649
7    0.107562 0.326381 98.5249 1.04113
8    0.738098 0.461313 98.1327 0.667858
9    7.8682 0.415958 88.4847 3.23112
10   22.4942 14.6327 23.8851 38.9881
XX
CC  program: transfac
CC  matrix.nb: 49
CC  accession: GIS1_RPH1
CC  AC: GIS1_RPH1
CC  id: GIS1_RPH1
CC  name: GIS1_RPH1
CC  version: 
CC  name: GIS1_RPH1
CC  description: wwwwaggggt
CC  transfac_consensus: 
CC  matrix.nb: 49
XX
//
AC  SWI5_ACE2
XX
ID  SWI5_ACE2
XX
DE  artgctggthm
P0       A     C     G     T
1    31.9888 22.6704 22.6704 22.6704
2    33.3162 19.1218 28.4402 19.1218
3    9.35661 9.35661 18.2389 63.0479
4    0.0184128 0.0184128 99.9448 0.0184128
5    0.0184128 99.9448 0.0184128 0.0184128
6    0.0184128 0.0184128 0.0184128 99.9448
7    0.0184128 0.0184128 99.9448 0.0184128
8    0.0184128 0.0184128 99.9448 0.0184128
9    2.34802 11.1479 12.0419 74.4622
10   26.4277 32.4611 5.89661 35.2146
11   34.7272 33.9492 15.6618 15.6618
XX
CC  program: transfac
CC  matrix.nb: 50
CC  accession: SWI5_ACE2
CC  AC: SWI5_ACE2
CC  id: SWI5_ACE2
CC  name: SWI5_ACE2
CC  version: 
CC  name: SWI5_ACE2
CC  description: artgctggthm
CC  transfac_consensus: 
CC  matrix.nb: 50
XX
//
AC  ADR1
XX
ID  ADR1
XX
DE  rkgyggggta
P0       A     C     G     T
1    28.8711 20.3615 30.4059 20.3615
2    17.6117 8.02115 27.2399 47.1273
3    0.00281864 0.00281864 79.9607 20.0336
4    0.00281864 41.8307 0.00281864 58.1637
5    0.00281864 0.00281864 99.9915     0
6    0.00281864 0.00281864 99.9915     0
7    0.00281864 0.00281864 99.9915     0
8    0.00281864 0.00281864 99.9915     0
9    4.64131 4.64131 4.64131 86.0761
10   49.055 16.9817 16.9817 16.9817
XX
CC  program: transfac
CC  matrix.nb: 51
CC  accession: ADR1
CC  AC: ADR1
CC  id: ADR1
CC  name: ADR1
CC  version: 
CC  name: ADR1
CC  description: rkgyggggta
CC  transfac_consensus: 
CC  matrix.nb: 51
XX
//
AC  MET32_MET31
XX
ID  MET32_MET31
XX
DE  stgtggckyc
P0       A     C     G     T
1    11.7161 35.908 33.8169 18.5591
2    7.4211 9.3402 7.72396 75.5147
3    1.19869 0.0311554 98.6158 0.154314
4    0.0718711 3.92403 1.64398 94.3601
5    0.486806 3.19963e-05 99.4952 0.0179549
6    0.03666 0.052023 99.8761 0.0352225
7    1.47789 94.6909 0.0854877 3.74573
8    5.83376 0.561953 66.931 26.6733
9    4.38854 41.223 21.3062 33.0823
10   16.7655 42.0696 20.2737 20.8911
XX
CC  program: transfac
CC  matrix.nb: 52
CC  accession: MET32_MET31
CC  AC: MET32_MET31
CC  id: MET32_MET31
CC  name: MET32_MET31
CC  version: 
CC  name: MET32_MET31
CC  description: stgtggckyc
CC  transfac_consensus: 
CC  matrix.nb: 52
XX
//
AC  MET32_MET31
XX
ID  MET32_MET31
XX
DE  ctgtggck
P0       A     C     G     T
1    15.5238 43.091 24.1385 17.2467
2    6.90487 11.5005 12.6494 68.9453
3    0.00900576 0.00900576 99.973     0
4    1.76254 1.76254 3.51631 92.9586
5    0.00876885 0.885654 99.0968     0
6    0.00884643 0.00884643 99.0888 0.893489
7    0.980202 97.0594 0.980202 0.980202
8    8.65005 4.94817 60.4763 25.9255
XX
CC  program: transfac
CC  matrix.nb: 53
CC  accession: MET32_MET31
CC  AC: MET32_MET31
CC  id: MET32_MET31
CC  name: MET32_MET31
CC  version: 
CC  name: MET32_MET31
CC  description: ctgtggck
CC  transfac_consensus: 
CC  matrix.nb: 53
XX
//
AC  MIG3_MIG2
XX
ID  MIG3_MIG2
XX
DE  rtgcggggkt
P0       A     C     G     T
1    32.379 12.374 33.2907 21.9562
2    2.28622 21.0425 2.28622 74.3851
3    0.00578459 0.00578459 99.9826     0
4    0.00578459 90.606 0.00578459 9.38244
5    0.00578459 0.00578459 99.9826     0
6    0.00578459 0.00578459 99.9826     0
7    0.00578459 0.00578459 99.9826     0
8    0.00578459 0.00578459 99.9826     0
9    22.1411 12.6318 32.5944 32.6327
10   22.7196 22.7196 22.7196 31.8413
XX
CC  program: transfac
CC  matrix.nb: 54
CC  accession: MIG3_MIG2
CC  AC: MIG3_MIG2
CC  id: MIG3_MIG2
CC  name: MIG3_MIG2
CC  version: 
CC  name: MIG3_MIG2
CC  description: rtgcggggkt
CC  transfac_consensus: 
CC  matrix.nb: 54
XX
//
AC  MIG3_MIG2
XX
ID  MIG3_MIG2
XX
DE  adtgygggg
P0       A     C     G     T
1    30.3922 20.5772 24.1476 24.883
2    29.4098 18.941 25.8246 25.8246
3    18.7249 21.5387 19.2951 40.4413
4    14.2155 19.972 55.3862 10.4263
5    11.3438 50.8392 3.73844 34.0786
6    2.00136 8.53205 89.4634     0
7    6.94691 0.430976 92.6007 0.021457
8    24.3273 3.90243 71.6361 0.134203
9    15.4211 6.08445 65.7419 12.7526
XX
CC  program: transfac
CC  matrix.nb: 55
CC  accession: MIG3_MIG2
CC  AC: MIG3_MIG2
CC  id: MIG3_MIG2
CC  name: MIG3_MIG2
CC  version: 
CC  name: MIG3_MIG2
CC  description: adtgygggg
CC  transfac_consensus: 
CC  matrix.nb: 55
XX
//
AC  YER130C_MSN2
XX
ID  YER130C_MSN2
XX
DE  ataggggg
P0       A     C     G     T
1    73.0584 8.66013 2.89312 15.3883
2    19.8644 20.5492 2.74582 56.8406
3    90.4116 2.66433 3.19613 3.72793
4    15.4276 0.00531802 83.4982 1.06892
5    3.72793 0.00531802 96.2614     0
6    4.79153 0.53712 94.1342 0.53712
7    4.60239 0.580326 93.0878 1.72949
8    9.72646 22.9172 43.7448 23.6115
XX
CC  program: transfac
CC  matrix.nb: 56
CC  accession: YER130C_MSN2
CC  AC: YER130C_MSN2
CC  id: YER130C_MSN2
CC  name: YER130C_MSN2
CC  version: 
CC  name: YER130C_MSN2
CC  description: ataggggg
CC  transfac_consensus: 
CC  matrix.nb: 56
XX
//
AC  YER130C_MSN2
XX
ID  YER130C_MSN2
XX
DE  rdwwaggrr
P0       A     C     G     T
1    31.6777 18.0946 26.9939 23.2339
2    35.0186 10.6534 28.3855 25.9424
3    52.69 9.43499 12.7359 25.1391
4    27.6288 14.28 12.5392 45.5521
5    63.5588 16.6426 8.8637 10.935
6    15.992 9.22659 62.9342 11.8472
7    18.6191 6.32297 63.0665 11.9914
8    30.6984 4.68427 56.4983 8.11903
9    27.5201 2.49657 60.6377 9.3457
XX
CC  program: transfac
CC  matrix.nb: 57
CC  accession: YER130C_MSN2
CC  AC: YER130C_MSN2
CC  id: YER130C_MSN2
CC  name: YER130C_MSN2
CC  version: 
CC  name: YER130C_MSN2
CC  description: rdwwaggrr
CC  transfac_consensus: 
CC  matrix.nb: 57
XX
//
AC  GIS1_RPH1
XX
ID  GIS1_RPH1
XX
DE  wttaggggtrc
P0       A     C     G     T
1    31.2139 18.8633 18.8633 31.0595
2    6.57412 6.57412 6.57412 80.2776
3    11.0601 2.07867 2.07867 84.7826
4    99.9952 0.00158941 0.00158941     0
5    9.57432 0.00158941 90.4225     0
6    0.00158941 0.00158941 99.9952     0
7    0.00158941 0.00158941 99.9952     0
8    0.00158941 0.00158941 99.9952     0
9    15.1016 6.13827 24.2404 54.5197
10   36.4364 18.4275 26.7087 18.4275
11   22.9229 31.2312 22.9229 22.9229
XX
CC  program: transfac
CC  matrix.nb: 58
CC  accession: GIS1_RPH1
CC  AC: GIS1_RPH1
CC  id: GIS1_RPH1
CC  name: GIS1_RPH1
CC  version: 
CC  name: GIS1_RPH1
CC  description: wttaggggtrc
CC  transfac_consensus: 
CC  matrix.nb: 58
XX
//
AC  GIS1_RPH1
XX
ID  GIS1_RPH1
XX
DE  wwwwaggggkrr
P0       A     C     G     T
1    66.1184 0.328947 0.328947 33.2237
2    39.9701 10.0299 10.0299 39.9701
3    31.909 8.52466 4.27296 55.2934
4    26.1531 4.62792 0.0153752 69.2036
5    98.6274 1.34595 0.0133262 0.0133262
6    20.0027 0.0133262 79.9707 0.0133262
7    4.01119 0.0133262 95.9622 0.0133262
8    0.0133262 0.0133262 99.96 0.0133262
9    1.402 0.0138812 98.5702 0.0138812
10   12.7362 5.46875 56.3408 25.4542
11      25 14.301 39.2653 21.4337
12   39.9402 10.0598 39.9402 10.0598
XX
CC  program: transfac
CC  matrix.nb: 59
CC  accession: GIS1_RPH1
CC  AC: GIS1_RPH1
CC  id: GIS1_RPH1
CC  name: GIS1_RPH1
CC  version: 
CC  name: GIS1_RPH1
CC  description: wwwwaggggkrr
CC  transfac_consensus: 
CC  matrix.nb: 59
XX
//
AC  MIG1
XX
ID  MIG1
XX
DE  tgyggggw
P0       A     C     G     T
1    16.0048 22.6679 14.6722 46.6551
2    0.00980008 9.80988 89.1905 0.989808
3    0.00900576 58.5465 8.11419 33.3303
4    0.00892538 0.00892538 99.0807 0.901464
5    0.00892538 0.00892538 99.9732     0
6    0.901464 0.00892538 98.1881 0.901464
7    1.91356 0.961538 97.1154     0
8       25 9.73071 22.2238 43.0455
XX
CC  program: transfac
CC  matrix.nb: 60
CC  accession: MIG1
CC  AC: MIG1
CC  id: MIG1
CC  name: MIG1
CC  version: 
CC  name: MIG1
CC  description: tgyggggw
CC  transfac_consensus: 
CC  matrix.nb: 60
XX
//
AC  MIG1
XX
ID  MIG1
XX
DE  wdtgyggggd
P0       A     C     G     T
1    32.4069 19.4602 22.3846 25.7484
2    32.167 17.4779 25.3034 25.0517
3    21.9126 22.3552 19.2413 36.4908
4    16.9345 23.321 48.3929 11.3515
5    10.9153 45.6116 3.42178 40.0513
6    2.89046 0.0270902 93.8235 3.25898
7    2.7732 2.91538 92.7587 1.55271
8    24.8758 0.027706 74.7309 0.36564
9    12.756 0.128222 77.9451 9.17062
10   25.8253 15.3536 29.4105 29.4105
XX
CC  program: transfac
CC  matrix.nb: 61
CC  accession: MIG1
CC  AC: MIG1
CC  id: MIG1
CC  name: MIG1
CC  version: 
CC  name: MIG1
CC  description: wdtgyggggd
CC  transfac_consensus: 
CC  matrix.nb: 61
XX
//
AC  MIG3_MIG2
XX
ID  MIG3_MIG2
XX
DE  rtgyggggwr
P0       A     C     G     T
1    29.565 14.8291 32.3493 23.2566
2    22.5783 21.0519 17.2358 39.134
3    13.7004 16.0776 57.8253 12.3967
4    5.5202 50.3206 5.74549 38.4137
5    6.35139 3.3827 85.5134 4.75251
6    1.67791 0.833226 94.4008 3.08808
7    15.6721 1.7894 81.6043 0.934151
8    10.9703 2.75989 77.1067 9.16315
9    25.6431 21.8516 17.8906 34.6146
10   36.1705 21.0783 26.0038 16.7474
XX
CC  program: transfac
CC  matrix.nb: 62
CC  accession: MIG3_MIG2
CC  AC: MIG3_MIG2
CC  id: MIG3_MIG2
CC  name: MIG3_MIG2
CC  version: 
CC  name: MIG3_MIG2
CC  description: rtgyggggwr
CC  transfac_consensus: 
CC  matrix.nb: 62
XX
//
AC  MIG3_MIG2
XX
ID  MIG3_MIG2
XX
DE  dtgyggggww
P0       A     C     G     T
1    29.7667 17.0871 27.3968 25.7494
2    17.0226 20.0987 15.9881 46.8905
3    10.3072 16.5432 68.6976 4.45201
4    4.93726 53.7548 2.92566 38.3823
5    0.0417604 0.618338 99.0929 0.247003
6    0.59802 1.37898 97.9318 0.0911763
7    17.554 1.60111 79.9788 0.866061
8    6.29938 1.98336 83.7093 8.00803
9    25.9366 20.9356 18.6718 34.4559
10   34.7146 19.1462 18.2745 27.8647
XX
CC  program: transfac
CC  matrix.nb: 63
