AC  cfi-1
XX
ID  cfi-1
XX
DE  wtttdatwa
P0       A     C     G     T
1    28.0526 18.4318 22.5127 31.0029
2    22.6709 17.6561 10.709 48.9639
3    13.9203 12.2233 10.2098 63.6466
4    11.5272 10.2237 5.6673 72.5817
5    37.7683 4.91097 31.2329 26.0879
6    96.7814 1.01253 1.06445 1.14163
7    0.0385606 0.0207435 0.0100969 99.9306
8    29.4769 22.2782 11.5145 36.7305
9    29.6025 22.5979 22.825 24.9746
XX
CC  program: transfac
CC  matrix.nb: 1
CC  accession: cfi-1
CC  AC: cfi-1
CC  id: cfi-1
CC  name: cfi-1
CC  version: 
CC  name: cfi-1
CC  description: wtttdatwa
CC  transfac_consensus: 
CC  matrix.nb: 1
XX
//
AC  cfi-1
XX
ID  cfi-1
XX
DE  awattaatwaa
P0       A     C     G     T
1    46.7943 17.7352 17.7352 17.7352
2    27.3411 8.00673 8.00673 56.6454
3    60.9177 11.9174 3.37487 23.7901
4    10.4443 0.0140595 0.0140595 89.5276
5    0.0140595 0.0140595 0.0140595 99.9578
6    99.9578 0.0140595 0.0140595 0.0140595
7    91.0941 0.0140595 0.0140595 8.87778
8    8.87778 0.0140595 0.0140595 91.0941
9    26.1793 16.7866 7.27882 49.7552
10   48.978 17.0073 17.0073 17.0073
11   35.0824 21.6392 21.6392 21.6392
XX
CC  program: transfac
CC  matrix.nb: 2
CC  accession: cfi-1
CC  AC: cfi-1
CC  id: cfi-1
CC  name: cfi-1
CC  version: 
CC  name: cfi-1
CC  description: awattaatwaa
CC  transfac_consensus: 
CC  matrix.nb: 2
XX
//
AC  cfi-1
XX
ID  cfi-1
XX
DE  wtttratwr
P0       A     C     G     T
1    26.518 18.501 20.2433 34.7377
2    18.5396 18.7259 10.8039 51.9306
3    15.1265 14.1039 10.0387 60.7308
4    9.59196 13.8866 5.64588 70.8755
5    35.4424 11.3351 33.3784 19.8441
6    73.9186 9.42122 5.71426 10.9459
7    2.32792 2.44727 2.00366 93.2211
8    28.5933 24.6105 8.9636 37.8326
9    25.4088 23.2219 26.7115 24.6578
XX
CC  program: transfac
CC  matrix.nb: 3
CC  accession: cfi-1
CC  AC: cfi-1
CC  id: cfi-1
CC  name: cfi-1
CC  version: 
CC  name: cfi-1
CC  description: wtttratwr
CC  transfac_consensus: 
CC  matrix.nb: 3
XX
//
AC  cfi-1
XX
ID  cfi-1
XX
DE  wtttratww
P0       A     C     G     T
1    28.7207 13.703 21.0651 36.5112
2    21.9872 14.5918 7.69416 55.7268
3    11.8816 7.65217 7.13484 73.3314
4    7.06817 8.21204 6.02309 78.6967
5    40.8983 3.93964 30.6027 24.5593
6    96.4659 1.23268 1.32206 0.979404
7    0.082565 1.74339 0.0894416 98.0846
8    32.2598 23.8987 9.24259 34.5989
9    30.0945 22.9735 19.9722 26.9597
XX
CC  program: transfac
CC  matrix.nb: 4
CC  accession: cfi-1
CC  AC: cfi-1
CC  id: cfi-1
CC  name: cfi-1
CC  version: 
CC  name: cfi-1
CC  description: wtttratww
CC  transfac_consensus: 
CC  matrix.nb: 4
XX
//
AC  cfi-1
XX
ID  cfi-1
XX
DE  wtttratwm
P0       A     C     G     T
1    25.2147 20.8515 23.7463 30.1875
2    22.4942 23.8851 14.6327 38.9881
3    17.209 17.7331 16.3697 48.6881
4    16.0789 16.2405 10.9957 56.6849
5    33.1941 11.0494 31.8925 23.864
6    77.9062 7.35592 10.9737 3.76409
7    3.22647 10.6057 2.11994 84.0479
8    28.3413 23.6726 15.7103 32.2758
9    26.004 25.7453 24.0047 24.246
XX
CC  program: transfac
CC  matrix.nb: 5
CC  accession: cfi-1
CC  AC: cfi-1
CC  id: cfi-1
CC  name: cfi-1
CC  version: 
CC  name: cfi-1
CC  description: wtttratwm
CC  transfac_consensus: 
CC  matrix.nb: 5
XX
//
AC  cfi-1
XX
ID  cfi-1
XX
DE  tttratwr
P0       A     C     G     T
1    22.8748 22.1987 14.8803 40.0462
2    18.2465 17.0129 14.6431 50.0975
3    13.8322 18.8592 7.14919 60.1595
4    33.6065 6.0178 42.2972 18.0785
5    97.3889 0.0879235 2.20056 0.322618
6    4.51944 0.0360946 0.0149714 95.4295
7    27.8506 24.4555 11.2105 36.4833
8    30.042 20.3401 26.9126 22.7052
XX
CC  program: transfac
CC  matrix.nb: 6
CC  accession: cfi-1
CC  AC: cfi-1
CC  id: cfi-1
CC  name: cfi-1
CC  version: 
CC  name: cfi-1
CC  description: tttratwr
CC  transfac_consensus: 
CC  matrix.nb: 6
XX
//
AC  cfi-1
XX
ID  cfi-1
XX
DE  tttratyr
P0       A     C     G     T
1    19.8827 23.567 14.8775 41.6728
2    16.236 17.5883 15.9145 50.2612
3    17.4479 16.2683 10.0666 56.2171
4    40.9838 8.87446 30.9749 19.1668
5    91.2942 0.0248248 3.50464 5.17629
6    5.72759 0.0593262 0.0248548 94.1882
7    24.012 25.4968 19.6593 30.832
8    26.8348 21.5355 27.1045 24.5252
XX
CC  program: transfac
CC  matrix.nb: 7
CC  accession: cfi-1
CC  AC: cfi-1
CC  id: cfi-1
CC  name: cfi-1
CC  version: 
CC  name: cfi-1
CC  description: tttratyr
CC  transfac_consensus: 
CC  matrix.nb: 7
XX
//
AC  Y116A8C.22
XX
ID  Y116A8C.22
XX
DE  awatawwtay
P0       A     C     G     T
1    60.6435 10.0113 19.3339 10.0113
2    55.8535 13.3577 4.7162 26.0727
3    80.869 0.0196195 8.83145 10.28
4    23.1969 0.0196195 0.0196195 76.7638
5    88.9933 0.0196195 0.0196195 10.9675
6    29.0663 0.0196195 0.0196195 70.8945
7    26.7391 0.0196195 0.0196195 73.2217
8    0.0196195 9.34227 0.0196195 90.6185
9    46.0241 15.0083 15.0083 23.9593
10   20.3034 29.1152 20.3034 30.2779
XX
CC  program: transfac
CC  matrix.nb: 8
CC  accession: Y116A8C.22
CC  AC: Y116A8C.22
CC  id: Y116A8C.22
CC  name: Y116A8C.22
CC  version: 
CC  name: Y116A8C.22
CC  description: awatawwtay
CC  transfac_consensus: 
CC  matrix.nb: 8
XX
//
AC  Y116A8C.22
XX
ID  Y116A8C.22
XX
DE  mrwwwat
P0       A     C     G     T
1    27.2989 27.5733 24.7011 20.4268
2    31.1542 19.0859 25.2531 24.5068
3    40.9498 10.6158 18.3999 30.0345
4    46.4798 9.57368 15.4718 28.4747
5    58.2238 12.8622 1.41099 27.503
6    57.604 0.0723378 22.9563 19.3674
7    23.5345 21.2949 4.84751 50.3232
XX
CC  program: transfac
CC  matrix.nb: 9
CC  accession: Y116A8C.22
CC  AC: Y116A8C.22
CC  id: Y116A8C.22
CC  name: Y116A8C.22
CC  version: 
CC  name: Y116A8C.22
CC  description: mrwwwat
CC  transfac_consensus: 
CC  matrix.nb: 9
XX
//
AC  hmg-12
XX
ID  hmg-12
XX
DE  ataawtawwtra
P0       A     C     G     T
1    32.1078 22.6307 22.6307 22.6307
2    22.6307 22.6307 22.6307 32.1078
3    76.1759 4.64648 14.5311 4.64648
4    63.2674 11.6336 2.31743 22.7815
5    66.917 0.0175574 0.0175574 33.0479
6    19.5762 0.0175574 0.0175574 80.3887
7    80.4397 0.0175574 0.0175574 19.5252
8    51.7902 0.0175574 0.0175574 48.1747
9    32.1162 2.38682 2.38682 63.1102
10   2.38682 12.2715 2.38682 82.9549
11   29.5706 20.3711 29.6873 20.3711
12   31.8996 22.7001 22.7001 22.7001
XX
CC  program: transfac
CC  matrix.nb: 10
CC  accession: hmg-12
CC  AC: hmg-12
CC  id: hmg-12
CC  name: hmg-12
CC  version: 
CC  name: hmg-12
CC  description: ataawtawwtra
CC  transfac_consensus: 
CC  matrix.nb: 10
XX
//
AC  bed-3
XX
ID  bed-3
XX
DE  rstcycga
P0       A     C     G     T
1    47.1163 3.45818 40.2229 9.20267
2    21.4888 36.3599 28.0981 14.0532
3    0.00657722 0.664299 0.00657722 99.3225
4    0.00657722 99.9803 0.00657722     0
5    0.00657722 37.4967 3.29519 59.2015
6    0.00657722 97.3494 2.63746     0
7    0.00657722 0.00657722 99.9803     0
8    78.4847 3.74626 10.2859 7.48318
XX
CC  program: transfac
CC  matrix.nb: 11
CC  accession: bed-3
CC  AC: bed-3
CC  id: bed-3
CC  name: bed-3
CC  version: 
CC  name: bed-3
CC  description: rstcycga
CC  transfac_consensus: 
CC  matrix.nb: 11
XX
//
AC  hlh-1
XX
ID  hlh-1
XX
DE  gacagctg
P0       A     C     G     T
1        0     0   100     0
2      100     0     0     0
3        0   100     0     0
4      100     0     0     0
5        0     0   100     0
6        0   100     0     0
7        0     0     0   100
8        0     0   100     0
XX
CC  program: transfac
CC  matrix.nb: 12
CC  accession: hlh-1
CC  AC: hlh-1
CC  id: hlh-1
CC  name: hlh-1
CC  version: 
CC  name: hlh-1
CC  description: gacagctg
CC  transfac_consensus: 
CC  matrix.nb: 12
XX
//
AC  hlh-27_hlh-25
XX
ID  hlh-27_hlh-25
XX
DE  gmcaygcg
P0       A     C     G     T
1    13.6364 13.6364 72.7273     0
2    69.697 27.2727 3.0303     0
3        0   100     0     0
4    97.561     0 2.43902     0
5        0 63.4146     0 36.5854
6    9.7561     0 90.2439     0
7        0 89.4737     0 10.5263
8        0     0   100     0
XX
CC  program: transfac
CC  matrix.nb: 13
CC  accession: hlh-27_hlh-25
CC  AC: hlh-27_hlh-25
CC  id: hlh-27_hlh-25
CC  name: hlh-27_hlh-25
CC  version: 
CC  name: hlh-27_hlh-25
CC  description: gmcaygcg
CC  transfac_consensus: 
CC  matrix.nb: 13
XX
//
AC  hlh-27_hlh-25
XX
ID  hlh-27_hlh-25
XX
DE  sacaygcg
P0       A     C     G     T
1    16.6667 27.7778 51.3889 4.16667
2    63.7255 21.5686 8.82353 5.88235
3        0 92.3729 0.847458 6.77966
4    96.6102     0 3.38983     0
5        0 69.4915     0 30.5085
6    12.7119     0 87.2881     0
7    1.78571 78.5714 1.78571 17.8571
8    4.30108 3.22581 91.3978 1.07527
XX
CC  program: transfac
CC  matrix.nb: 14
CC  accession: hlh-27_hlh-25
CC  AC: hlh-27_hlh-25
CC  id: hlh-27_hlh-25
CC  name: hlh-27_hlh-25
CC  version: 
CC  name: hlh-27_hlh-25
CC  description: sacaygcg
CC  transfac_consensus: 
CC  matrix.nb: 14
XX
//
AC  hlh-26
XX
ID  hlh-26
XX
DE  racacgtgy
P0       A     C     G     T
1       50     0    50     0
2      100     0     0     0
3        0   100     0     0
4      100     0     0     0
5        0   100     0     0
6        0     0   100     0
7        0     0     0   100
8        0     0   100     0
9        0    50     0    50
XX
CC  program: transfac
CC  matrix.nb: 15
CC  accession: hlh-26
CC  AC: hlh-26
CC  id: hlh-26
CC  name: hlh-26
CC  version: 
CC  name: hlh-26
CC  description: racacgtgy
CC  transfac_consensus: 
CC  matrix.nb: 15
XX
//
AC  hlh-12
XX
ID  hlh-12
XX
DE  aacakctg
P0       A     C     G     T
1    71.1648 14.3466 14.3466 0.142045
2    76.7638 23.0828 0.0766871 0.0766871
3    0.0766871 99.7699 0.0766871 0.0766871
4    99.7699 0.0766871 0.0766871 0.0766871
5    0.0766871 0.0766871 38.4202 61.4264
6    23.0828 76.7638 0.0766871 0.0766871
7    0.0766871 0.0766871 0.0766871 99.7699
8    0.0766871 0.0766871 99.7699 0.0766871
XX
CC  program: transfac
CC  matrix.nb: 16
CC  accession: hlh-12
CC  AC: hlh-12
CC  id: hlh-12
CC  name: hlh-12
CC  version: 
CC  name: hlh-12
CC  description: aacakctg
CC  transfac_consensus: 
CC  matrix.nb: 16
XX
//
AC  hlh-16
XX
ID  hlh-16
XX
DE  kkacaatatkgta
P0       A     C     G     T
1    20.6177 20.6177 29.9803 28.7842
2    20.6177 20.6177 28.7842 29.9803
3    42.7648 24.5227 16.3562 16.3562
4    12.2423 79.606 4.07582 4.07582
5    76.0019 20.2061 1.89603 1.89603
6    99.9635 0.0121514 0.0121514 0.0121514
7    0.0121514 0.0121514 0.0121514 99.9635
8    99.9635 0.0121514 0.0121514 0.0121514
9    4.39444 4.39444 4.39444 86.8167
10   4.39444 4.39444 63.9677 27.2434
11   8.65592 8.65592 57.8808 24.8074
12   20.9363 20.9363 20.9363 37.191
13   30.6516 23.1161 23.1161 23.1161
XX
CC  program: transfac
CC  matrix.nb: 17
CC  accession: hlh-16
CC  AC: hlh-16
CC  id: hlh-16
CC  name: hlh-16
CC  version: 
CC  name: hlh-16
CC  description: kkacaatatkgta
CC  transfac_consensus: 
CC  matrix.nb: 17
XX
//
AC  hlh-30
XX
ID  hlh-30
XX
DE  rrtcacgwgg
P0       A     C     G     T
1    28.0635 18.439 31.6415 21.8559
2    39.0544 6.92374 48.1806 5.84131
3    7.31912 9.12018 8.33522 75.2255
4    0.616824 99.1693 0.176723 0.0371359
5    89.3698 4.27499 1.23712 5.1181
6    0.656742 70.7771 6.8178 21.7483
7    15.1077 3.99563 79.4559 1.44081
8    25.4645 24.2226 11.5569 38.756
9    3.58927 3.62535 86.3104 6.47501
10   23.0459 22.5896 34.726 19.6384
XX
CC  program: transfac
CC  matrix.nb: 18
CC  accession: hlh-30
CC  AC: hlh-30
CC  id: hlh-30
CC  name: hlh-30
CC  version: 
CC  name: hlh-30
CC  description: rrtcacgwgg
CC  transfac_consensus: 
CC  matrix.nb: 18
XX
//
AC  hlh-11
XX
ID  hlh-11
XX
DE  mcakmtgdt
P0       A     C     G     T
1    27.3464 42.4609 18.1484 12.0442
2    9.7576 82.9341 3.92767 3.38058
3    66.2486 5.60363 19.9537 8.1941
4    4.32903 20.8081 46.7748 28.088
5    29.9713 47.0043 21.5471 1.47733
6    0.43967 7.23021 1.5656 90.7645
7    0.0715475 0.017122 99.7439 0.167396
8    37.8736 8.20099 27.5019 26.4235
9    11.8253 22.8795 17.8185 47.4767
XX
CC  program: transfac
CC  matrix.nb: 19
CC  accession: hlh-11
CC  AC: hlh-11
CC  id: hlh-11
CC  name: hlh-11
CC  version: 
CC  name: hlh-11
CC  description: mcakmtgdt
CC  transfac_consensus: 
CC  matrix.nb: 19
XX
//
AC  hlh-8
XX
ID  hlh-8
XX
DE  rmcatatgtk
P0       A     C     G     T
1    30.1828 19.9871 29.843 19.9871
2    28.2456 57.9511 6.90164 6.90164
3    0.0139305 99.9582 0.0139305 0.0139305
4    99.9582 0.0139305 0.0139305 0.0139305
5    0.0139305 21.7001 0.0139305 78.2721
6    78.9108 0.0139305 21.0614 0.0139305
7    0.0139305 0.0139305 0.0139305 99.9582
8    0.0139305 0.0139305 99.9582 0.0139305
9    5.02683 5.02683 15.4736 74.4728
10   18.1123 18.1123 27.2271 36.5483
XX
CC  program: transfac
CC  matrix.nb: 20
CC  accession: hlh-8
CC  AC: hlh-8
CC  id: hlh-8
CC  name: hlh-8
CC  version: 
CC  name: hlh-8
CC  description: rmcatatgtk
CC  transfac_consensus: 
CC  matrix.nb: 20
XX
//
AC  aha-1
XX
ID  aha-1
XX
DE  artcacgtgmwt
P0       A     C     G     T
1    30.6611 23.113 23.113 23.113
2    34.1743 18.1842 29.4572 18.1842
3    7.90558 7.90558 20.8948 63.294
4    9.53021 79.3287 1.98202 9.15908
5    99.9459 0.018045 0.018045 0.018045
6    15.4221 77.3647 0.018045 7.19511
7    0.018045 0.018045 85.2206 14.7433
8    0.018045 0.018045 0.018045 99.9459
9    9.76098 1.90509 86.4288 1.90509
10   26.5173 59.8151 6.8338 6.8338
11   31.6182 17.1125 17.1125 34.1568
12   23.036 23.036 23.036 30.8919
XX
CC  program: transfac
CC  matrix.nb: 21
CC  accession: aha-1
CC  AC: aha-1
CC  id: aha-1
CC  name: aha-1
CC  version: 
CC  name: aha-1
CC  description: artcacgtgmwt
CC  transfac_consensus: 
CC  matrix.nb: 21
XX
//
AC  aha-1
XX
ID  aha-1
XX
DE  atkcayrtgm
P0       A     C     G     T
1    44.1686 23.5875 16.122 16.122
2    19.1879 18.7982 22.5189 39.495
3    0.0211099 0.0211099 26.5877 73.3701
4    14.1244 70.8098 0.0211099 15.0448
5    92.9873 0.0211099 6.97052 0.0211099
6    0.0211099 49.6749 0.0211099 50.2828
7    36.2577 0.0211099 56.6244 7.09686
8    0.0211099 0.0211099 7.09686 92.8609
9    15.7008 8.89914 66.5009 8.89914
10   33.0549 40.3477 13.2987 13.2987
XX
CC  program: transfac
CC  matrix.nb: 22
CC  accession: aha-1
CC  AC: aha-1
CC  id: aha-1
CC  name: aha-1
CC  version: 
CC  name: aha-1
CC  description: atkcayrtgm
CC  transfac_consensus: 
CC  matrix.nb: 22
XX
//
AC  hlh-30
XX
ID  hlh-30
XX
DE  rtcacgtg
P0       A     C     G     T
1    27.9394 7.36332 63.2128 1.48442
2    2.71073 4.51189 7.21362 85.5638
3    0.00746046 99.9776 0.00746046     0
4    85.0567 3.73769 2.99164 8.21397
5    0.00746046 82.8186 4.48374 12.6902
6    10.4521 2.2456 87.2948     0
7    17.3579 14.0532 5.79147 62.7974
8    0.00925583 0.00925583 99.0466 0.934839
XX
CC  program: transfac
CC  matrix.nb: 23
CC  accession: hlh-30
CC  AC: hlh-30
CC  id: hlh-30
CC  name: hlh-30
CC  version: 
CC  name: hlh-30
CC  description: rtcacgtg
CC  transfac_consensus: 
CC  matrix.nb: 23
XX
//
AC  hlh-17
XX
ID  hlh-17
XX
DE  rccatatgyt
P0       A     C     G     T
1    36.1199 18.3013 27.2775 18.3013
2    13.8914 65.1658 13.4874 7.45553
3    0.00460189 99.9862 0.00460189     0
4    99.9862 0.00460189 0.00460189     0
5    0.00460189 0.00460189 0.00460189 99.9862
6    99.9862 0.00460189 0.00460189     0
7    0.00460189 0.00460189 0.00460189 99.9862
8    0.00460189 0.00460189 99.9862     0
9    6.70327 29.8563 22.0536 41.3869
10   17.5491 23.6272 17.5491 41.2746
XX
CC  program: transfac
CC  matrix.nb: 24
CC  accession: hlh-17
CC  AC: hlh-17
CC  id: hlh-17
CC  name: hlh-17
CC  version: 
CC  name: hlh-17
CC  description: rccatatgyt
CC  transfac_consensus: 
CC  matrix.nb: 24
XX
//
AC  hlh-30
XX
ID  hlh-30
XX
DE  rtcacgtgay
P0       A     C     G     T
1    31.7421 18.3419 33.3604 16.5555
2    19.0817 21.2307 22.1545 37.5331
3    6.5189 84.2821 3.92093 5.2781
4    67.3632 6.95698 11.0745 14.6054
5    2.00292 79.8818 3.88812 14.2271
6    14.2271 3.88812 79.8818 2.00292
7    14.6054 11.0745 6.95698 67.3632
8    5.2781 3.92093 84.2821 6.5189
9    37.5331 22.1545 21.2307 19.0817
10   16.5555 33.3604 18.3419 31.7421
XX
CC  program: transfac
CC  matrix.nb: 25
CC  accession: hlh-30
CC  AC: hlh-30
CC  id: hlh-30
CC  name: hlh-30
CC  version: 
CC  name: hlh-30
CC  description: rtcacgtgay
CC  transfac_consensus: 
CC  matrix.nb: 25
XX
//
AC  hlh-30
XX
ID  hlh-30
XX
DE  rrtcacgwgg
P0       A     C     G     T
1    28.0968 20.4025 28.9525 22.5482
2    38.8583 10.8041 40.8506 9.487
3    10.8488 14.2115 14.3543 60.5853
4    2.69964 95.8819 1.14238 0.27613
5    77.5226 8.85134 3.74555 9.88056
6    1.68091 65.9789 9.48143 22.8588
7    19.176 6.91477 71.0696 2.83959
8    25.1525 19.0098 13.5306 42.3071
9    5.392 5.84108 78.6428 10.1241
10   24.0583 21.7689 31.5155 22.6573
XX
CC  program: transfac
CC  matrix.nb: 26
CC  accession: hlh-30
CC  AC: hlh-30
CC  id: hlh-30
CC  name: hlh-30
CC  version: 
CC  name: hlh-30
CC  description: rrtcacgwgg
CC  transfac_consensus: 
CC  matrix.nb: 26
XX
//
AC  hlh-30
XX
ID  hlh-30
XX
DE  rrtcacgtgg
P0       A     C     G     T
1    27.4271 19.3275 31.2347 22.0107
2    39.7562 8.10732 46.1902 5.94629
3    7.74494 9.45969 10.0446 72.7507
4    0.659617 98.8797 0.273598 0.187103
5    88.1512 5.20205 1.59848 5.04831
6    0.813313 72.4836 7.34016 19.3629
7    15.6385 3.28622 79.817 1.25827
8    23.8338 19.1271 10.9256 46.1135
9    2.77801 2.83413 88.388 5.99986
10   24.5119 21.5238 34.0953 19.869
XX
CC  program: transfac
CC  matrix.nb: 27
CC  accession: hlh-30
CC  AC: hlh-30
CC  id: hlh-30
CC  name: hlh-30
CC  version: 
CC  name: hlh-30
CC  description: rrtcacgtgg
CC  transfac_consensus: 
CC  matrix.nb: 27
XX
//
AC  hlh-1
XX
ID  hlh-1
XX
DE  vcavctgty
P0       A     C     G     T
1    28.9475 25.4187 26.9905 18.6433
2    5.25899 77.4738 5.20667 12.0605
3    53.3145 10.5509 23.2478 12.8869
4    26.6544 30.0527 26.1266 17.1664
5    19.0214 45.8588 17.3843 17.7355
6    0.0604387 0.0377743 0.0312378 99.8705
7    0.176529 0.213467 86.9844 12.6256
8    23.4495 16.5246 14.656 45.3699
9    1.83433 46.8373 7.21873 44.1097
XX
CC  program: transfac
CC  matrix.nb: 28
CC  accession: hlh-1
CC  AC: hlh-1
CC  id: hlh-1
CC  name: hlh-1
CC  version: 
CC  name: hlh-1
CC  description: vcavctgty
CC  transfac_consensus: 
CC  matrix.nb: 28
XX
//
AC  hlh-1
XX
ID  hlh-1
XX
DE  racagctgw
P0       A     C     G     T
1    59.7222 0.198413 39.881 0.198413
2    88.6062 0.110619 0.110619 11.1726
3    0.0996016 99.7012 0.0996016 0.0996016
4    99.7012 0.0996016 0.0996016 0.0996016
5    0.110619 0.110619 77.5442 22.2345
6    22.2345 55.4204 0.110619 22.2345
7    0.110619 0.110619 0.110619 99.6681
8    0.110619 0.110619 99.6681 0.110619
9    39.881 20.0397 0.198413 39.881
XX
CC  program: transfac
CC  matrix.nb: 29
CC  accession: hlh-1
CC  AC: hlh-1
CC  id: hlh-1
CC  name: hlh-1
CC  version: 
CC  name: hlh-1
CC  description: racagctgw
CC  transfac_consensus: 
CC  matrix.nb: 29
XX
//
AC  hlh-17
XX
ID  hlh-17
XX
DE  swaycatatkg
P0       A     C     G     T
1    20.1784 29.598 30.0452 20.1784
2    27.4925 7.99235 7.99235 56.5228
3    73.1885 12.0705 2.4371 12.3039
4    18.9822 51.789 0.0302372 29.1985
5    19.5173 61.4669 0.0302372 18.9856
6    80.9704 0.0302372 0.0302372 18.9691
7    0.0302372 19.4479 9.34882 71.1731
8    90.5907 0.0302372 0.0302372 9.34882
9    24.3671 14.4721 23.7061 37.4546
10   17.0379 17.0379 39.266 26.6582
11   22.5931 22.5931 32.2206 22.5931
XX
CC  program: transfac
CC  matrix.nb: 30
CC  accession: hlh-17
CC  AC: hlh-17
CC  id: hlh-17
CC  name: hlh-17
CC  version: 
CC  name: hlh-17
CC  description: swaycatatkg
CC  transfac_consensus: 
CC  matrix.nb: 30
XX
//
AC  hlh-15
XX
ID  hlh-15
XX
DE  mkcagctgyr
P0       A     C     G     T
1    28.2767 30.5521 17.1954 23.9759
2    3.76275 3.76275 67.4128 25.0617
3    0.0178229 86.2732 0.0178229 13.6912
4    93.0537 0.0178229 6.91063 0.0178229
5    7.11324 7.74129 71.4543 13.6912
6    14.5218 71.4543 6.91063 7.11324
7    0.0178229 6.79836 0.0178229 93.166
8    7.74129 0.0178229 92.2231 0.0178229
9    15.2455 30.1874 7.82247 46.7447
10   28.1479 21.2551 29.342 21.2551
XX
CC  program: transfac
CC  matrix.nb: 31
CC  accession: hlh-15
CC  AC: hlh-15
CC  id: hlh-15
CC  name: hlh-15
CC  version: 
CC  name: hlh-15
CC  description: mkcagctgyr
CC  transfac_consensus: 
CC  matrix.nb: 31
XX
//
AC  cnd-1
XX
ID  cnd-1
XX
DE  acmatatgky
P0       A     C     G     T
1    42.4799 11.3479 23.5478 22.6244
2    16.9637 59.2091 17.1342 6.69308
3    27.1365 68.7777 2.6936 1.39219
4    66.5113 3.48118 18.6785 11.3291
5    0.136832 6.43014 14.3105 79.1225
6    79.3894 14.0745 5.60896 0.927154
7    7.5714 15.0952 1.05588 76.2775
8    1.16833 0.0903175 86.9711 11.7703
9    3.86337 15.0525 42.1629 38.9213
10   9.17633 27.0213 23.4912 40.3111
XX
CC  program: transfac
CC  matrix.nb: 32
CC  accession: cnd-1
CC  AC: cnd-1
CC  id: cnd-1
CC  name: cnd-1
CC  version: 
CC  name: cnd-1
CC  description: acmatatgky
CC  transfac_consensus: 
CC  matrix.nb: 32
XX
//
AC  aha-1
XX
ID  aha-1
XX
DE  dgtcacgtgh
P0       A     C     G     T
1    25.0929 22.9332 26.1169 25.8571
2    24.5912 12.4583 55.8342 7.1163
3    6.16879 4.39076 14.2892 75.1513
4    0.273163 99.7148 0.00366955     0
5    95.3025 1.61132 1.0172 2.06898
6    0.193897 96.5026 0.94136 2.36214
7    4.80585 0.267091 94.6167 0.310316
8    5.40227 5.79398 5.1388 83.6649
9    0.943181 0.411273 93.8317 4.81388
10   25.514 33.0899 14.5739 26.8222
XX
CC  program: transfac
CC  matrix.nb: 33
CC  accession: aha-1
CC  AC: aha-1
CC  id: aha-1
CC  name: aha-1
CC  version: 
CC  name: aha-1
CC  description: dgtcacgtgh
CC  transfac_consensus: 
CC  matrix.nb: 33
XX
//
AC  mxl-3
XX
ID  mxl-3
XX
DE  scrcrtgsy
P0       A     C     G     T
1    18.866 36.5019 26.5058 18.1263
2    16.1107 70.7733 7.53442 5.58163
3    55.3702 6.44975 27.2224 10.9577
4    1.63834 81.7513 7.64217 8.96817
5    28.0383 6.91415 64.9469 0.100617
6    5.89792 0.621636 3.04835 90.4321
7    0.0164896 0.000982879 99.9805     0
8    19.4467 25.4745 33.3707 21.708
9    17.8079 27.3753 23.3277 31.4891
XX
CC  program: transfac
CC  matrix.nb: 34
CC  accession: mxl-3
CC  AC: mxl-3
CC  id: mxl-3
CC  name: mxl-3
CC  version: 
CC  name: mxl-3
CC  description: scrcrtgsy
CC  transfac_consensus: 
CC  matrix.nb: 34
XX
//
AC  mxl-3
XX
ID  mxl-3
XX
DE  accacrtgg
P0       A     C     G     T
1    35.1977 20.3073 23.359 21.1361
2    22.7947 29.269 23.4889 24.4475
3    16.6972 73.3497 5.44794 4.50523
4    61.9065 4.41773 23.9418 9.734
5    0.765135 84.9699 5.48654 8.77843
6    33.0225 2.9072 63.8917 0.178564
7    10.174 2.05409 2.1594 85.6125
8    0.0389094 0.00486096 96.8807 3.07554
9    18.7081 24.507 35.4796 21.3053
XX
CC  program: transfac
CC  matrix.nb: 35
CC  accession: mxl-3
CC  AC: mxl-3
CC  id: mxl-3
CC  name: mxl-3
CC  version: 
CC  name: mxl-3
CC  description: accacrtgg
CC  transfac_consensus: 
CC  matrix.nb: 35
XX
//
AC  mxl-3
XX
ID  mxl-3
XX
DE  rccrcrtgs
P0       A     C     G     T
1    28.9595 24.189 28.3861 18.4654
2    20.8936 39.23 21.5299 18.3466
3    19.023 67.0642 8.46255 5.45019
4    48.2082 8.89535 31.3598 11.5366
5    1.53619 79.7825 6.74839 11.933
6    28.9914 4.74456 65.8249 0.439112
7    5.23439 2.14953 1.21562 91.4005
8    0.0116198 0.00175542 99.9784     0
9    17.4078 30.4753 32.685 19.4319
XX
CC  program: transfac
CC  matrix.nb: 36
CC  accession: mxl-3
CC  AC: mxl-3
CC  id: mxl-3
CC  name: mxl-3
CC  version: 
CC  name: mxl-3
CC  description: rccrcrtgs
CC  transfac_consensus: 
CC  matrix.nb: 36
XX
//
AC  lin-32
XX
ID  lin-32
XX
DE  rmcatatgtt
P0       A     C     G     T
1    29.4121 20.2526 30.0826 20.2526
2    30.3479 50.0296 9.81126 9.81126
3    0.00106698 99.9968 0.00106698     0
4    99.9968 0.00106698 0.00106698     0
5    0.00106698 0.00106698 8.79234 91.2055
6    91.2055 8.79234 0.00106698     0
7    0.00106698 0.00106698 0.00106698 99.9968
8    0.00106698 0.00106698 99.9968     0
9    4.74843 11.8649 16.8178 66.5688
10   15.1898 24.3456 22.1525 38.3121
XX
CC  program: transfac
CC  matrix.nb: 37
CC  accession: lin-32
CC  AC: lin-32
CC  id: lin-32
CC  name: lin-32
CC  version: 
CC  name: lin-32
CC  description: rmcatatgtt
CC  transfac_consensus: 
CC  matrix.nb: 37
XX
//
AC  hlh-28_hlh-29
XX
ID  hlh-28_hlh-29
XX
DE  mcaygcgt
P0       A     C     G     T
1    41.6667 58.3333     0     0
2        0   100     0     0
3      100     0     0     0
4        0 58.8235     0 41.1765
5        0     0   100     0
6        0   100     0     0
7        0     0   100     0
8        0 18.1818     0 81.8182
XX
CC  program: transfac
CC  matrix.nb: 38
CC  accession: hlh-28_hlh-29
CC  AC: hlh-28_hlh-29
CC  id: hlh-28_hlh-29
CC  name: hlh-28_hlh-29
CC  version: 
CC  name: hlh-28_hlh-29
CC  description: mcaygcgt
CC  transfac_consensus: 
CC  matrix.nb: 38
XX
//
AC  mxl-3
XX
ID  mxl-3
XX
DE  scacgtgt
P0       A     C     G     T
1    8.33333 66.6667    25     0
2        0   100     0     0
3      100     0     0     0
4        0   100     0     0
5        0     0   100     0
6        0     0     0   100
7        0     0   100     0
8    9.09091 18.1818 9.09091 63.6364
XX
CC  program: transfac
CC  matrix.nb: 39
CC  accession: mxl-3
CC  AC: mxl-3
CC  id: mxl-3
CC  name: mxl-3
CC  version: 
CC  name: mxl-3
CC  description: scacgtgt
CC  transfac_consensus: 
CC  matrix.nb: 39
XX
//
AC  hlh-11
XX
ID  hlh-11
XX
DE  atcagctga
P0       A     C     G     T
1      100     0     0     0
2        0     0     0   100
3        0   100     0     0
4      100     0     0     0
5        0     0   100     0
6        0   100     0     0
7        0     0     0   100
8        0     0   100     0
9      100     0     0     0
XX
CC  program: transfac
CC  matrix.nb: 40
CC  accession: hlh-11
CC  AC: hlh-11
CC  id: hlh-11
CC  name: hlh-11
CC  version: 
CC  name: hlh-11
CC  description: atcagctga
CC  transfac_consensus: 
CC  matrix.nb: 40
XX
//
AC  ref-1
XX
ID  ref-1
XX
DE  scacgtgk
P0       A     C     G     T
1    8.33333 33.3333 58.3333     0
2        0   100     0     0
3      100     0     0     0
4        0   100     0     0
5        0     0   100     0
6        0 5.55556     0 94.4444
7        0     0   100     0
8        0 8.33333    25 66.6667
XX
CC  program: transfac
CC  matrix.nb: 41
CC  accession: ref-1
CC  AC: ref-1
CC  id: ref-1
CC  name: ref-1
CC  version: 
CC  name: ref-1
CC  description: scacgtgk
CC  transfac_consensus: 
CC  matrix.nb: 41
XX
//
AC  hlh-30
XX
ID  hlh-30
XX
DE  tcacgtgw
P0       A     C     G     T
1        0     0     0   100
2        0   100     0     0
3      100     0     0     0
4        0   100     0     0
5        0     0   100     0
6        0     0     0   100
7        0     0   100     0
8    66.6667     0     0 33.3333
XX
CC  program: transfac
CC  matrix.nb: 42
CC  accession: hlh-30
CC  AC: hlh-30
CC  id: hlh-30
CC  name: hlh-30
CC  version: 
CC  name: hlh-30
CC  description: tcacgtgw
CC  transfac_consensus: 
CC  matrix.nb: 42
XX
//
AC  hlh-10
XX
ID  hlh-10
XX
DE  catatatg
P0       A     C     G     T
1        0   100     0     0
2      100     0     0     0
3        0     0     0   100
4      100     0     0     0
5        0     0     0   100
6      100     0     0     0
7        0     0     0   100
8        0     0   100     0
XX
CC  program: transfac
CC  matrix.nb: 43
CC  accession: hlh-10
CC  AC: hlh-10
CC  id: hlh-10
CC  name: hlh-10
CC  version: 
CC  name: hlh-10
CC  description: catatatg
CC  transfac_consensus: 
CC  matrix.nb: 43
XX
//
AC  Y44A6D.3
XX
ID  Y44A6D.3
XX
DE  rtgcgcrrt
P0       A     C     G     T
1    26.4626 23.0055 34.3202 16.2117
2    3.50557 22.9738 0.964982 72.5557
3    0.0775877 0.0129541 99.8484 0.0610326
4    0.0515364 99.9363 0.00600317     0
5    0.0655044 0.0120868 99.9191     0
6    1.53273 95.3021 1.29311 1.87208
7    39.8849 0.901224 57.7428 1.47108
8    37.1096 7.27087 43.9862 11.6333
9    24.7681 24.7681 21.106 29.3578
XX
CC  program: transfac
CC  matrix.nb: 44
CC  accession: Y44A6D.3
CC  AC: Y44A6D.3
CC  id: Y44A6D.3
CC  name: Y44A6D.3
CC  version: 
CC  name: Y44A6D.3
CC  description: rtgcgcrrt
CC  transfac_consensus: 
CC  matrix.nb: 44
XX
//
AC  atf-7
XX
ID  atf-7
XX
DE  rrtgacgtsa
P0       A     C     G     T
1    27.5256 13.5848 36.0715 22.8181
2    62.8116 4.46669 28.2551 4.46669
3    0.00482325 0.00482325 0.00482325 99.9855
4    0.00482325 0.00482325 99.9855     0
5    99.9855 0.00482325 0.00482325     0
6    0.00482325 99.9855 0.00482325     0
7    0.00482325 0.00482325 99.9855     0
8    0.00482325 0.00482325 0.00482325 99.9855
9    20.4469 36.247 31.8861 11.42
10   38.3856 20.5381 20.5381 20.5381
XX
CC  program: transfac
CC  matrix.nb: 45
CC  accession: atf-7
CC  AC: atf-7
CC  id: atf-7
CC  name: atf-7
CC  version: 
CC  name: atf-7
CC  description: rrtgacgtsa
CC  transfac_consensus: 
CC  matrix.nb: 45
XX
//
AC  C27D6.4
XX
ID  C27D6.4
XX
DE  ygccacgtgk
P0       A     C     G     T
1    17.557 26.1504 17.557 38.7356
2    9.54043 9.54043 63.9645 16.9546
3    16.0935 83.8902 0.0081699     0
4    0.0081699 99.9755 0.0081699     0
5    99.9755 0.0081699 0.0081699     0
6    0.0081699 99.9755 0.0081699     0
7    0.0081699 0.0081699 99.9755     0
8    0.0081699 0.0081699 0.0081699 99.9755
9    16.5231 15.3373 60.6884 7.45115
10   23.3539 15.4677 27.7113 33.4671
XX
CC  program: transfac
CC  matrix.nb: 46
CC  accession: C27D6.4
CC  AC: C27D6.4
CC  id: C27D6.4
CC  name: C27D6.4
CC  version: 
CC  name: C27D6.4
CC  description: ygccacgtgk
CC  transfac_consensus: 
CC  matrix.nb: 46
XX
//
AC  D1005.3
XX
ID  D1005.3
XX
DE  aawttaygaaatata
P0       A     C     G     T
1    32.7426 22.4191 22.4191 22.4191
2    32.7426 22.4191 22.4191 22.4191
3    28.9712 20.2351 20.2351 30.5586
4    9.40245 9.40245 9.40245 71.7927
5    2.43811 11.6341 2.43811 83.4897
6    71.2753 2.43811 23.8485 2.43811
7    2.43811 43.3975 2.43811 51.7263
8    17.0897 0.0133003 72.5602 10.3368
9    73.5701 11.7902 2.59417 12.0455
10   74.2853 2.59417 11.7902 11.3303
11   68.1291 13.9742 4.77821 13.1184
12   15.6109 15.6109 24.8069 43.9714
13   32.2744 22.5752 22.5752 22.5752
14   22.5752 22.5752 22.5752 32.2744
15   32.2744 22.5752 22.5752 22.5752
XX
CC  program: transfac
CC  matrix.nb: 47
CC  accession: D1005.3
CC  AC: D1005.3
CC  id: D1005.3
CC  name: D1005.3
CC  version: 
CC  name: D1005.3
CC  description: aawttaygaaatata
CC  transfac_consensus: 
CC  matrix.nb: 47
XX
//
AC  crh-1
XX
ID  crh-1
XX
DE  drtgrcrwrr
P0       A     C     G     T
1    26.06 19.3057 29.0902 25.544
2    29.793 20.3743 26.1611 23.6716
3    17.4845 16.6318 24.5649 41.3188
4    18.621 17.7128 39.0283 24.6379
5    44.5741 11.2139 28.1389 16.0732
6    17.1869 42.2731 18.2497 22.2903
7    25.6025 10.0011 48.0715 16.3249
8    26.8049 18.5151 23.5372 31.1428
9    34.0203 18.301 27.8534 19.8253
10   33.6613 15.125 27.0138 24.1999
XX
CC  program: transfac
CC  matrix.nb: 48
CC  accession: crh-1
CC  AC: crh-1
CC  id: crh-1
CC  name: crh-1
CC  version: 
CC  name: crh-1
CC  description: drtgrcrwrr
CC  transfac_consensus: 
CC  matrix.nb: 48
XX
//
AC  crh-1
XX
ID  crh-1
XX
DE  rtgacgta
P0       A     C     G     T
1    46.2274 8.6092 38.7038 6.45959
2    2.36933 1.58218 0.00787154 96.0406
3    0.00729714 2.19644 80.2758 17.5204
4    99.979 0.00699105 0.00699105     0
5    0.00699105 99.979 0.00699105     0
6    0.711067 0.00704027 99.2749     0
7    9.01477 19.8217 0.00900576 71.1545
8    59.9825 13.7556 16.2544 10.0075
XX
CC  program: transfac
CC  matrix.nb: 49
CC  accession: crh-1
CC  AC: crh-1
CC  id: crh-1
CC  name: crh-1
CC  version: 
CC  name: crh-1
CC  description: rtgacgta
CC  transfac_consensus: 
CC  matrix.nb: 49
XX
//
AC  crh-1
XX
ID  crh-1
XX
DE  rtgacgtmd
P0       A     C     G     T
1    35.7458 17.0548 36.1051 11.0943
2    1.65383 10.9473 6.50841 80.8904
3    0.120905 8.91068 66.5032 24.4652
4    78.3865 2.41489 12.8283 6.37033
5    3.26964 83.4861 0.247754 12.9965
6    11.2813 4.67931 77.7229 6.31641
7    15.2103 24.5811 8.68829 51.5203
8    33.8131 26.3337 22.8934 16.9598
9    29.0142 19.2553 25.4773 26.2532
XX
CC  program: transfac
CC  matrix.nb: 50
CC  accession: crh-1
CC  AC: crh-1
CC  id: crh-1
CC  name: crh-1
CC  version: 
CC  name: crh-1
CC  description: rtgacgtmd
CC  transfac_consensus: 
CC  matrix.nb: 50
XX
//
AC  crh-1
XX
ID  crh-1
XX
DE  katkacgtma
P0       A     C     G     T
1    18.3122 18.3122 27.0541 36.3215
2    64.5397 8.72744 18.0054 8.72744
3    0.0183918 0.0183918 0.0183918 99.9448
4    0.0183918 0.0183918 72.4689 27.4944
5    99.9448 0.0183918 0.0183918 0.0183918
6    0.0183918 99.9448 0.0183918 0.0183918
7    0.0183918 0.0183918 99.9448 0.0183918
8    0.0183918 0.0183918 0.0183918 99.9448
9    54.7966 31.7911 6.70616 6.70616
10   51.1272 16.2909 16.2909 16.2909
XX
CC  program: transfac
CC  matrix.nb: 51
CC  accession: crh-1
CC  AC: crh-1
CC  id: crh-1
CC  name: crh-1
CC  version: 
CC  name: crh-1
CC  description: katkacgtma
CC  transfac_consensus: 
CC  matrix.nb: 51
XX
//
AC  F17A9.3_ces-2
XX
ID  F17A9.3_ces-2
XX
DE  tgttaygyaaata
P0       A     C     G     T
1    23.0644 23.0644 23.0644 30.8069
2    23.0644 23.0644 30.8069 23.0644
3    19.5361 4.24308 4.24308 71.9777
4    10.5121 2.28648 12.8036 74.3978
5    85.368 2.28648 10.059 2.28648
6    0.0175769 67.3192 0.0175769 32.6456
7    23.6202 0.0175769 68.7605 7.6018
8    7.6018 42.0964 7.76011 42.5417
9    79.0056 9.53743 1.95321 9.50371
10   78.0883 9.77962 1.95321 10.1789
11   37.6765 20.7745 20.7745 20.7745
12   22.7311 22.7311 22.7311 31.8067
13   31.8067 22.7311 22.7311 22.7311
XX
CC  program: transfac
CC  matrix.nb: 52
CC  accession: F17A9.3_ces-2
CC  AC: F17A9.3_ces-2
CC  id: F17A9.3_ces-2
CC  name: F17A9.3_ces-2
CC  version: 
CC  name: F17A9.3_ces-2
CC  description: tgttaygyaaata
CC  transfac_consensus: 
CC  matrix.nb: 52
XX
//
AC  F23F12.9
XX
ID  F23F12.9
XX
DE  rttrcgyaay
P0       A     C     G     T
1    46.8126 17.3785 27.124 8.68484
2    5.40471 2.02125 6.19867 86.3754
3    2.7586 4.17624 19.6689 73.3962
4    58.9668 1.7557 34.5056 4.77183
5    5.90993 85.8186 1.40402 6.86746
6    6.86746 1.40402 85.8186 5.90993
7    4.77183 34.5056 1.7557 58.9668
8    73.3962 19.6689 4.17624 2.7586
9    86.3754 6.19867 2.02125 5.40471
10   8.68484 27.124 17.3785 46.8126
XX
CC  program: transfac
CC  matrix.nb: 53
CC  accession: F23F12.9
CC  AC: F23F12.9
CC  id: F23F12.9
CC  name: F23F12.9
CC  version: 
CC  name: F23F12.9
CC  description: rttrcgyaay
CC  transfac_consensus: 
CC  matrix.nb: 53
XX
//
AC  atf-6
XX
ID  atf-6
XX
DE  ctkacgtrg
P0       A     C     G     T
1    18.8407 51.2143 14.6731 15.272
2    14.1526 16.6082 5.81183 63.4274
3    14.055 5.94755 48.0855 31.9119
4    91.6142 0.111647 0.753962 7.52015
5    4.02978 85.0903 1.63839 9.24158
6    8.94808 4.26925 81.5682 5.21448
7    5.96624 2.4747 0.0793503 91.4797
8    27.4311 9.59918 48.5055 14.4642
9    17.9118 3.17549 55.4488 23.4638
XX
CC  program: transfac
CC  matrix.nb: 54
CC  accession: atf-6
CC  AC: atf-6
CC  id: atf-6
CC  name: atf-6
CC  version: 
CC  name: atf-6
CC  description: ctkacgtrg
CC  transfac_consensus: 
CC  matrix.nb: 54
XX
//
AC  atf-2
XX
ID  atf-2
XX
DE  vtkrcgyaay
P0       A     C     G     T
1    36.9233 25.2504 29.3368 8.4896
2    6.54363 4.29947 1.93188 87.225
3    3.18986 7.38888 36.9652 52.4561
4    42.4684 3.45133 46.0054 8.07489
5    2.58452 65.3359 8.75426 23.3254
6    4.91586 2.1651 91.1464 1.77263
7    0.00196522 60.8158 0.0146671 39.1676
8    88.4019 3.63967 7.40306 0.555378
9    94.2769 4.83672 0.438777 0.447641
10   3.12827 27.6736 13.4702 55.7279
XX
CC  program: transfac
CC  matrix.nb: 55
CC  accession: atf-2
CC  AC: atf-2
CC  id: atf-2
CC  name: atf-2
CC  version: 
CC  name: atf-2
CC  description: vtkrcgyaay
CC  transfac_consensus: 
CC  matrix.nb: 55
XX
//
AC  R07H5.10
XX
ID  R07H5.10
XX
DE  kattwcay
P0       A     C     G     T
1    20.6496 19.8399 29.0116 30.499
2    66.627 8.75049 19.868 4.75458
3    3.13274 1.261 1.73656 93.8697
4    2.85909 1.36411 4.80907 90.9677
5    26.8619 0.301408 15.97 56.8667
6    3.63045 87.3005 3.4881 5.58094
7    44.4673 14.3644 17.7211 23.4473
8    22.6169 25.2468 21.2998 30.8365
XX
CC  program: transfac
CC  matrix.nb: 56
CC  accession: R07H5.10
CC  AC: R07H5.10
CC  id: R07H5.10
CC  name: R07H5.10
CC  version: 
CC  name: R07H5.10
CC  description: kattwcay
CC  transfac_consensus: 
CC  matrix.nb: 56
XX
//
AC  xbp-1
XX
ID  xbp-1
XX
DE  takawkacgtgta
P0       A     C     G     T
1    22.8084 22.8084 22.8084 31.5748
2    31.5748 22.8084 22.8084 22.8084
3    18.3803 18.3803 36.7187 26.5207
4    44.1206 15.7043 15.7043 24.4708
5    30.4988 16.2743 2.46201 50.7649
6    0.0151869 13.8275 28.479 57.6783
7    99.9544 0.0151869 0.0151869 0.0151869
8    0.0151869 99.9544 0.0151869 0.0151869
9    2.2068 2.2068 93.3796 2.2068
10   2.2068 2.2068 2.2068 93.3796
11   6.63489 18.3161 68.4141 6.63489
12   20.9921 9.31086 17.4988 52.1983
13   32.3405 22.5532 22.5532 22.5532
XX
CC  program: transfac
CC  matrix.nb: 57
CC  accession: xbp-1
CC  AC: xbp-1
CC  id: xbp-1
CC  name: xbp-1
CC  version: 
CC  name: xbp-1
CC  description: takawkacgtgta
CC  transfac_consensus: 
CC  matrix.nb: 57
XX
//
AC  atf-5
XX
ID  atf-5
XX
DE  ggmtgacgtca
P0       A     C     G     T
1    19.0205 19.0205 37.0889 24.87
2    11.7636 11.7636 59.1055 17.3673
3    45.976 27.7889 16.1189 10.1162
4    0.0142832 0.0142832 0.0142832 99.9571
5    5.86378 0.0142832 94.1077 0.0142832
6    94.1077 0.0142832 0.0142832 5.86378
7    0.0142832 99.9571 0.0142832 0.0142832
8    5.86378 0.0142832 94.1077 0.0142832
9    5.99374 5.99374 5.99374 82.0188
10   22.8456 44.0635 19.8402 13.2507
11   55.3058 14.8981 14.8981 14.8981
XX
CC  program: transfac
CC  matrix.nb: 58
CC  accession: atf-5
CC  AC: atf-5
CC  id: atf-5
CC  name: atf-5
CC  version: 
CC  name: atf-5
CC  description: ggmtgacgtca
CC  transfac_consensus: 
CC  matrix.nb: 58
XX
//
AC  skn-1
XX
ID  skn-1
XX
DE  rkgatgayww
P0       A     C     G     T
1    38.4635 11.4697 27.6523 22.4145
2    16.9099 20.8614 26.7866 35.4421
3    20.621 15.8998 54.397 9.08214
4    57.1755 19.4165 19.0321 4.37595
5    8.39148 0.800289 0.139069 90.6692
6    6.64228 1.70481 73.9549 17.6981
7    97.3108 0.315976 1.09189 1.28134
8    5.72754 53.2654 8.3753 32.6318
9    44.1072 6.40208 20.219 29.2717
10   40.0346 16.2768 13.7322 29.9564
XX
CC  program: transfac
CC  matrix.nb: 59
CC  accession: skn-1
CC  AC: skn-1
CC  id: skn-1
CC  name: skn-1
CC  version: 
CC  name: skn-1
CC  description: rkgatgayww
CC  transfac_consensus: 
CC  matrix.nb: 59
XX
//
AC  jun-1
XX
ID  jun-1
XX
DE  atgactcat
P0       A     C     G     T
1    60.2686 10.7313 18.2689 10.7313
2    0.00988825 5.58046 0.00988825 94.3998
3    0.00988825 0.00988825 99.9703     0
4    99.9703 0.00988825 0.00988825     0
5    5.58046 86.559 0.00988825 7.85061
6    5.58046 0.00988825 19.4374 74.9722
7    20.782 79.1982 0.00988825     0
8    99.9703 0.00988825 0.00988825     0
9    14.2786 24.0096 14.2786 47.4332
XX
CC  program: transfac
CC  matrix.nb: 60
CC  accession: jun-1
CC  AC: jun-1
CC  id: jun-1
CC  name: jun-1
CC  version: 
CC  name: jun-1
CC  description: atgactcat
CC  transfac_consensus: 
CC  matrix.nb: 60
XX
//
AC  T27F2.4
XX
ID  T27F2.4
XX
DE  httacgaatt
P0       A     C     G     T
1    29.8947 26.0958 17.6162 26.3933
2    16.4907 8.252 8.252 67.0053
3    6.9342 0.0104769 0.0104769 93.0448
4    99.9686 0.0104769 0.0104769 0.0104769
5    0.0104769 93.0448 0.0104769 6.9342
6    6.9342 0.0104769 93.0448 0.0104769
7    93.0448 0.0104769 0.0104769 6.9342
8    99.9686 0.0104769 0.0104769 0.0104769
9    24.4351 7.39424 7.39424 60.7764
10   24.3525 16.7585 16.7585 42.1305
XX
CC  program: transfac
CC  matrix.nb: 61
CC  accession: T27F2.4
CC  AC: T27F2.4
CC  id: T27F2.4
CC  name: T27F2.4
CC  version: 
CC  name: T27F2.4
CC  description: httacgaatt
CC  transfac_consensus: 
CC  matrix.nb: 61
XX
//
AC  zip-3
XX
ID  zip-3
XX
DE  rtgaygtca
P0       A     C     G     T
1    53.5636 7.85279 36.9982 1.58545
2    0.116892 0.0260821 0.0245632 99.8325
3    5.48732 13.7693 71.6963 9.04706
4    85.4058 0.250929 10.0484 4.29484
5    2.44155 61.1073 4.86775 31.5834
6    19.56 10.3139 61.1597 8.96643
7    16.8167 23.6266 11.5003 48.0563
8    19.2128 41.0824 23.0019 16.7028
9    49.1395 11.8777 19.0042 19.9786
XX
CC  program: transfac
CC  matrix.nb: 62
CC  accession: zip-3
CC  AC: zip-3
CC  id: zip-3
CC  name: zip-3
CC  version: 
CC  name: zip-3
CC  description: rtgaygtca
CC  transfac_consensus: 
CC  matrix.nb: 62
XX
//
AC  W08E12.1
XX
ID  W08E12.1
XX
DE  tgacgtma
P0       A     C     G     T
